,# time passed,number of events,total number,average number
0,7.5,232.0,232.0,30.933333333333334
1,15.0,240.0,472.0,62.93333333333333
2,22.5,245.0,717.0,95.6
3,30.0,226.0,943.0,125.73333333333333
4,37.5,223.0,1166.0,155.46666666666667
5,45.0,218.0,1384.0,184.53333333333333
6,52.5,207.0,1591.0,212.13333333333333
7,60.0,235.0,1826.0,243.46666666666667
8,67.5,260.0,2086.0,278.1333333333333
9,75.0,218.0,2304.0,307.2
10,82.5,207.0,2511.0,334.8
11,90.0,259.0,2770.0,369.3333333333333
12,97.5,245.0,3015.0,402.0
13,105.0,269.0,3284.0,437.8666666666667
14,112.5,229.0,3513.0,468.4
15,120.0,246.0,3759.0,501.2
16,127.5,234.0,3993.0,532.4
17,135.0,232.0,4225.0,563.3333333333334
18,142.5,213.0,4438.0,591.7333333333333
19,150.0,230.0,4668.0,622.4
20,157.5,237.0,4905.0,654.0
21,165.0,226.0,5131.0,684.1333333333333
22,172.5,242.0,5373.0,716.4
23,180.0,238.0,5611.0,748.1333333333333
24,187.5,249.0,5860.0,781.3333333333334
25,195.0,202.0,6062.0,808.2666666666667
26,202.5,246.0,6308.0,841.0666666666667
27,210.0,244.0,6552.0,873.6
28,217.5,226.0,6778.0,903.7333333333333
29,225.0,215.0,6993.0,932.4
30,232.5,273.0,7266.0,968.8
31,240.0,236.0,7502.0,1000.2666666666667
32,247.5,248.0,7750.0,1033.3333333333333
33,255.0,213.0,7963.0,1061.7333333333333
34,262.5,226.0,8189.0,1091.8666666666666
35,270.0,224.0,8413.0,1121.7333333333333
36,277.5,237.0,8650.0,1153.3333333333333
37,285.0,230.0,8880.0,1184.0
38,292.5,256.0,9136.0,1218.1333333333334
39,300.0,230.0,9366.0,1248.8
40,307.5,240.0,9606.0,1280.8
41,315.0,243.0,9849.0,1313.2
42,322.5,232.0,10081.0,1344.1333333333334
43,330.0,237.0,10318.0,1375.7333333333333
44,337.5,230.0,10548.0,1406.4
45,345.0,222.0,10770.0,1436.0
46,352.5,237.0,11007.0,1467.6
47,360.0,230.0,11237.0,1498.2666666666667
48,367.5,240.0,11477.0,1530.2666666666667
49,375.0,235.0,11712.0,1561.6
50,382.5,240.0,11952.0,1593.6
51,390.0,232.0,12184.0,1624.5333333333333
52,397.5,222.0,12406.0,1654.1333333333334
53,405.0,244.0,12650.0,1686.6666666666667
54,412.5,234.0,12884.0,1717.8666666666666
55,420.0,253.0,13137.0,1751.6
56,427.5,257.0,13394.0,1785.8666666666666
57,435.0,241.0,13635.0,1818.0
58,442.5,234.0,13869.0,1849.2
59,450.0,234.0,14103.0,1880.4
60,457.5,232.0,14335.0,1911.3333333333333
61,465.0,224.0,14559.0,1941.2
62,472.5,257.0,14816.0,1975.4666666666667
63,480.0,222.0,15038.0,2005.0666666666666
64,487.5,228.0,15266.0,2035.4666666666667
65,495.0,232.0,15498.0,2066.4
66,502.5,228.0,15726.0,2096.8
67,510.0,193.0,15919.0,2122.5333333333333
68,517.5,239.0,16158.0,2154.4
69,525.0,241.0,16399.0,2186.5333333333333
70,532.5,250.0,16649.0,2219.866666666667
71,540.0,244.0,16893.0,2252.4
72,547.5,224.0,17117.0,2282.266666666667
73,555.0,249.0,17366.0,2315.4666666666667
74,562.5,238.0,17604.0,2347.2
75,570.0,214.0,17818.0,2375.733333333333
76,577.5,262.0,18080.0,2410.6666666666665
77,585.0,232.0,18312.0,2441.6
78,592.5,233.0,18545.0,2472.6666666666665
79,600.0,212.0,18757.0,2500.9333333333334
80,607.5,229.0,18986.0,2531.4666666666667
81,615.0,221.0,19207.0,2560.9333333333334
82,622.5,236.0,19443.0,2592.4
83,630.0,249.0,19692.0,2625.6
84,637.5,231.0,19923.0,2656.4
85,645.0,237.0,20160.0,2688.0
86,652.5,269.0,20429.0,2723.866666666667
87,660.0,255.0,20684.0,2757.866666666667
88,667.5,246.0,20930.0,2790.6666666666665
89,675.0,218.0,21148.0,2819.733333333333
90,682.5,228.0,21376.0,2850.133333333333
91,690.0,232.0,21608.0,2881.0666666666666
92,697.5,251.0,21859.0,2914.5333333333333
93,705.0,216.0,22075.0,2943.3333333333335
94,712.5,233.0,22308.0,2974.4
95,720.0,217.0,22525.0,3003.3333333333335
96,727.5,222.0,22747.0,3032.9333333333334
97,735.0,215.0,22962.0,3061.6
98,742.5,209.0,23171.0,3089.4666666666667
99,750.0,232.0,23403.0,3120.4
100,757.5,236.0,23639.0,3151.866666666667
101,765.0,226.0,23865.0,3182.0
102,772.5,247.0,24112.0,3214.9333333333334
103,780.0,253.0,24365.0,3248.6666666666665
104,787.5,212.0,24577.0,3276.9333333333334
105,795.0,255.0,24832.0,3310.9333333333334
106,802.5,231.0,25063.0,3341.733333333333
107,810.0,231.0,25294.0,3372.5333333333333
108,817.5,240.0,25534.0,3404.5333333333333
109,825.0,224.0,25758.0,3434.4
110,832.5,231.0,25989.0,3465.2
111,840.0,233.0,26222.0,3496.266666666667
112,847.5,246.0,26468.0,3529.0666666666666
113,855.0,220.0,26688.0,3558.4
114,862.5,265.0,26953.0,3593.733333333333
115,870.0,246.0,27199.0,3626.5333333333333
116,877.5,263.0,27462.0,3661.6
117,885.0,243.0,27705.0,3694.0
118,892.5,240.0,27945.0,3726.0
119,900.0,225.0,28170.0,3756.0
120,907.5,237.0,28407.0,3787.6
121,915.0,240.0,28647.0,3819.6
122,922.5,235.0,28882.0,3850.9333333333334
123,930.0,219.0,29101.0,3880.133333333333
124,937.5,233.0,29334.0,3911.2
125,945.0,266.0,29600.0,3946.6666666666665
126,952.5,232.0,29832.0,3977.6
127,960.0,252.0,30084.0,4011.2
128,967.5,247.0,30331.0,4044.133333333333
129,975.0,223.0,30554.0,4073.866666666667
130,982.5,216.0,30770.0,4102.666666666667
131,990.0,222.0,30992.0,4132.266666666666
132,997.5,239.0,31231.0,4164.133333333333
133,1005.0,240.0,31471.0,4196.133333333333
134,1012.5,226.0,31697.0,4226.266666666666
135,1020.0,235.0,31932.0,4257.6
136,1027.5,239.0,32171.0,4289.466666666666
137,1035.0,248.0,32419.0,4322.533333333334
138,1042.5,275.0,32694.0,4359.2
139,1050.0,261.0,32955.0,4394.0
140,1057.5,253.0,33208.0,4427.733333333334
141,1065.0,227.0,33435.0,4458.0
142,1072.5,231.0,33666.0,4488.8
143,1080.0,231.0,33897.0,4519.6
144,1087.5,227.0,34124.0,4549.866666666667
145,1095.0,224.0,34348.0,4579.733333333334
146,1102.5,253.0,34601.0,4613.466666666666
147,1110.0,243.0,34844.0,4645.866666666667
148,1117.5,231.0,35075.0,4676.666666666667
149,1125.0,234.0,35309.0,4707.866666666667
150,1132.5,246.0,35555.0,4740.666666666667
151,1140.0,226.0,35781.0,4770.8
152,1147.5,229.0,36010.0,4801.333333333333
153,1155.0,226.0,36236.0,4831.466666666666
154,1162.5,245.0,36481.0,4864.133333333333
155,1170.0,225.0,36706.0,4894.133333333333
156,1177.5,244.0,36950.0,4926.666666666667
157,1185.0,267.0,37217.0,4962.266666666666
158,1192.5,213.0,37430.0,4990.666666666667
159,1200.0,222.0,37652.0,5020.266666666666
160,1207.5,222.0,37874.0,5049.866666666667
161,1215.0,223.0,38097.0,5079.6
162,1222.5,265.0,38362.0,5114.933333333333
163,1230.0,232.0,38594.0,5145.866666666667
164,1237.5,232.0,38826.0,5176.8
165,1245.0,217.0,39043.0,5205.733333333334
166,1252.5,260.0,39303.0,5240.4
167,1260.0,230.0,39533.0,5271.066666666667
168,1267.5,257.0,39790.0,5305.333333333333
169,1275.0,202.0,39992.0,5332.266666666666
170,1282.5,233.0,40225.0,5363.333333333333
171,1290.0,232.0,40457.0,5394.266666666666
172,1297.5,258.0,40715.0,5428.666666666667
173,1305.0,231.0,40946.0,5459.466666666666
174,1312.5,231.0,41177.0,5490.266666666666
175,1320.0,234.0,41411.0,5521.466666666666
176,1327.5,224.0,41635.0,5551.333333333333
177,1335.0,226.0,41861.0,5581.466666666666
178,1342.5,241.0,42102.0,5613.6
179,1350.0,242.0,42344.0,5645.866666666667
180,1357.5,225.0,42569.0,5675.866666666667
181,1365.0,230.0,42799.0,5706.533333333334
182,1372.5,223.0,43022.0,5736.266666666666
183,1380.0,242.0,43264.0,5768.533333333334
184,1387.5,214.0,43478.0,5797.066666666667
185,1395.0,215.0,43693.0,5825.733333333334
186,1402.5,237.0,43930.0,5857.333333333333
187,1410.0,227.0,44157.0,5887.6
188,1417.5,217.0,44374.0,5916.533333333334
189,1425.0,222.0,44596.0,5946.133333333333
190,1432.5,251.0,44847.0,5979.6
191,1440.0,215.0,45062.0,6008.266666666666
192,1447.5,227.0,45289.0,6038.533333333334
193,1455.0,250.0,45539.0,6071.866666666667
194,1462.5,246.0,45785.0,6104.666666666667
195,1470.0,222.0,46007.0,6134.266666666666
196,1477.5,233.0,46240.0,6165.333333333333
197,1485.0,235.0,46475.0,6196.666666666667
198,1492.5,212.0,46687.0,6224.933333333333
199,1500.0,212.0,46899.0,6253.2
200,1507.5,243.0,47142.0,6285.6
201,1515.0,233.0,47375.0,6316.666666666667
202,1522.5,226.0,47601.0,6346.8
203,1530.0,237.0,47838.0,6378.4
204,1537.5,221.0,48059.0,6407.866666666667
205,1545.0,231.0,48290.0,6438.666666666667
206,1552.5,203.0,48493.0,6465.733333333334
207,1560.0,235.0,48728.0,6497.066666666667
208,1567.5,228.0,48956.0,6527.466666666666
209,1575.0,241.0,49197.0,6559.6
210,1582.5,216.0,49413.0,6588.4
211,1590.0,253.0,49666.0,6622.133333333333
212,1597.5,237.0,49903.0,6653.733333333334
213,1605.0,227.0,50130.0,6684.0
214,1612.5,228.0,50358.0,6714.4
215,1620.0,227.0,50585.0,6744.666666666667
216,1627.5,215.0,50800.0,6773.333333333333
217,1635.0,220.0,51020.0,6802.666666666667
218,1642.5,236.0,51256.0,6834.133333333333
219,1650.0,244.0,51500.0,6866.666666666667
220,1657.5,223.0,51723.0,6896.4
221,1665.0,245.0,51968.0,6929.066666666667
222,1672.5,229.0,52197.0,6959.6
223,1680.0,218.0,52415.0,6988.666666666667
224,1687.5,225.0,52640.0,7018.666666666667
225,1695.0,230.0,52870.0,7049.333333333333
226,1702.5,227.0,53097.0,7079.6
227,1710.0,242.0,53339.0,7111.866666666667
228,1717.5,222.0,53561.0,7141.466666666666
229,1725.0,271.0,53832.0,7177.6
230,1732.5,257.0,54089.0,7211.866666666667
231,1740.0,259.0,54348.0,7246.4
232,1747.5,257.0,54605.0,7280.666666666667
233,1755.0,247.0,54852.0,7313.6
234,1762.5,276.0,55128.0,7350.4
235,1770.0,215.0,55343.0,7379.066666666667
236,1777.5,238.0,55581.0,7410.8
237,1785.0,222.0,55803.0,7440.4
238,1792.5,235.0,56038.0,7471.733333333334
239,1800.0,241.0,56279.0,7503.866666666667
240,1807.5,247.0,56526.0,7536.8
241,1815.0,245.0,56771.0,7569.466666666666
242,1822.5,237.0,57008.0,7601.066666666667
243,1830.0,227.0,57235.0,7631.333333333333
244,1837.5,264.0,57499.0,7666.533333333334
245,1845.0,254.0,57753.0,7700.4
246,1852.5,224.0,57977.0,7730.266666666666
247,1860.0,217.0,58194.0,7759.2
248,1867.5,233.0,58427.0,7790.266666666666
249,1875.0,219.0,58646.0,7819.466666666666
250,1882.5,225.0,58871.0,7849.466666666666
251,1890.0,249.0,59120.0,7882.666666666667
252,1897.5,239.0,59359.0,7914.533333333334
253,1905.0,243.0,59602.0,7946.933333333333
254,1912.5,230.0,59832.0,7977.6
255,1920.0,216.0,60048.0,8006.4
256,1927.5,261.0,60309.0,8041.2
257,1935.0,244.0,60553.0,8073.733333333334
258,1942.5,235.0,60788.0,8105.066666666667
259,1950.0,244.0,61032.0,8137.6
260,1957.5,205.0,61237.0,8164.933333333333
261,1965.0,231.0,61468.0,8195.733333333334
262,1972.5,236.0,61704.0,8227.2
263,1980.0,214.0,61918.0,8255.733333333334
264,1987.5,225.0,62143.0,8285.733333333334
265,1995.0,247.0,62390.0,8318.666666666666
266,2002.5,243.0,62633.0,8351.066666666668
267,2010.0,231.0,62864.0,8381.866666666667
268,2017.5,220.0,63084.0,8411.2
269,2025.0,214.0,63298.0,8439.733333333334
270,2032.5,242.0,63540.0,8472.0
271,2040.0,236.0,63776.0,8503.466666666667
272,2047.5,250.0,64026.0,8536.8
273,2055.0,243.0,64269.0,8569.2
274,2062.5,172.0,64441.0,8592.133333333333
275,2070.0,230.0,64671.0,8622.8
276,2077.5,256.0,64927.0,8656.933333333332
277,2085.0,235.0,65162.0,8688.266666666666
278,2092.5,244.0,65406.0,8720.8
279,2100.0,256.0,65662.0,8754.933333333332
280,2107.5,231.0,65893.0,8785.733333333334
281,2115.0,233.0,66126.0,8816.8
282,2122.5,243.0,66369.0,8849.2
283,2130.0,237.0,66606.0,8880.8
284,2137.5,215.0,66821.0,8909.466666666667
285,2145.0,242.0,67063.0,8941.733333333334
286,2152.5,240.0,67303.0,8973.733333333334
287,2160.0,220.0,67523.0,9003.066666666668
288,2167.5,263.0,67786.0,9038.133333333333
289,2175.0,236.0,68022.0,9069.6
290,2182.5,231.0,68253.0,9100.4
291,2190.0,256.0,68509.0,9134.533333333333
292,2197.5,238.0,68747.0,9166.266666666666
293,2205.0,238.0,68985.0,9198.0
294,2212.5,230.0,69215.0,9228.666666666666
295,2220.0,219.0,69434.0,9257.866666666667
296,2227.5,229.0,69663.0,9288.4
297,2235.0,231.0,69894.0,9319.2
298,2242.5,211.0,70105.0,9347.333333333334
299,2250.0,233.0,70338.0,9378.4
300,2257.5,255.0,70593.0,9412.4
301,2265.0,243.0,70836.0,9444.8
302,2272.5,252.0,71088.0,9478.4
303,2280.0,237.0,71325.0,9510.0
304,2287.5,244.0,71569.0,9542.533333333333
305,2295.0,222.0,71791.0,9572.133333333333
306,2302.5,237.0,72028.0,9603.733333333334
307,2310.0,239.0,72267.0,9635.6
308,2317.5,214.0,72481.0,9664.133333333333
309,2325.0,208.0,72689.0,9691.866666666667
310,2332.5,233.0,72922.0,9722.933333333332
311,2340.0,260.0,73182.0,9757.6
312,2347.5,220.0,73402.0,9786.933333333332
313,2355.0,238.0,73640.0,9818.666666666666
314,2362.5,258.0,73898.0,9853.066666666668
315,2370.0,233.0,74131.0,9884.133333333333
316,2377.5,237.0,74368.0,9915.733333333334
317,2385.0,238.0,74606.0,9947.466666666667
318,2392.5,220.0,74826.0,9976.8
319,2400.0,242.0,75068.0,10009.066666666668
320,2407.5,250.0,75318.0,10042.4
321,2415.0,223.0,75541.0,10072.133333333333
322,2422.5,216.0,75757.0,10100.933333333332
323,2430.0,225.0,75982.0,10130.933333333332
324,2437.5,229.0,76211.0,10161.466666666667
325,2445.0,224.0,76435.0,10191.333333333334
326,2452.5,211.0,76646.0,10219.466666666667
327,2460.0,243.0,76889.0,10251.866666666667
328,2467.5,238.0,77127.0,10283.6
329,2475.0,237.0,77364.0,10315.2
330,2482.5,229.0,77593.0,10345.733333333334
331,2490.0,243.0,77836.0,10378.133333333333
332,2497.5,227.0,78063.0,10408.4
333,2505.0,259.0,78322.0,10442.933333333332
334,2512.5,224.0,78546.0,10472.8
335,2520.0,231.0,78777.0,10503.6
336,2527.5,225.0,79002.0,10533.6
337,2535.0,218.0,79220.0,10562.666666666666
338,2542.5,248.0,79468.0,10595.733333333334
339,2550.0,250.0,79718.0,10629.066666666668
340,2557.5,256.0,79974.0,10663.2
341,2565.0,223.0,80197.0,10692.933333333332
342,2572.5,240.0,80437.0,10724.933333333332
343,2580.0,240.0,80677.0,10756.933333333332
344,2587.5,238.0,80915.0,10788.666666666666
345,2595.0,256.0,81171.0,10822.8
346,2602.5,235.0,81406.0,10854.133333333333
347,2610.0,244.0,81650.0,10886.666666666666
348,2617.5,250.0,81900.0,10920.0
349,2625.0,226.0,82126.0,10950.133333333333
350,2632.5,249.0,82375.0,10983.333333333334
351,2640.0,244.0,82619.0,11015.866666666667
352,2647.5,254.0,82873.0,11049.733333333334
353,2655.0,262.0,83135.0,11084.666666666666
354,2662.5,211.0,83346.0,11112.8
355,2670.0,242.0,83588.0,11145.066666666668
356,2677.5,235.0,83823.0,11176.4
357,2685.0,232.0,84055.0,11207.333333333334
358,2692.5,240.0,84295.0,11239.333333333334
359,2700.0,228.0,84523.0,11269.733333333334
360,2707.5,233.0,84756.0,11300.8
361,2715.0,257.0,85013.0,11335.066666666668
362,2722.5,217.0,85230.0,11364.0
363,2730.0,272.0,85502.0,11400.266666666666
364,2737.5,253.0,85755.0,11434.0
365,2745.0,215.0,85970.0,11462.666666666666
366,2752.5,212.0,86182.0,11490.933333333332
367,2760.0,221.0,86403.0,11520.4
368,2767.5,240.0,86643.0,11552.4
369,2775.0,257.0,86900.0,11586.666666666666
370,2782.5,245.0,87145.0,11619.333333333334
371,2790.0,245.0,87390.0,11652.0
372,2797.5,256.0,87646.0,11686.133333333333
373,2805.0,234.0,87880.0,11717.333333333334
374,2812.5,226.0,88106.0,11747.466666666667
375,2820.0,256.0,88362.0,11781.6
376,2827.5,240.0,88602.0,11813.6
377,2835.0,219.0,88821.0,11842.8
378,2842.5,268.0,89089.0,11878.533333333333
379,2850.0,210.0,89299.0,11906.533333333333
380,2857.5,236.0,89535.0,11938.0
381,2865.0,221.0,89756.0,11967.466666666667
382,2872.5,244.0,90000.0,12000.0
383,2880.0,199.0,90199.0,12026.533333333333
384,2887.5,235.0,90434.0,12057.866666666667
385,2895.0,235.0,90669.0,12089.2
386,2902.5,228.0,90897.0,12119.6
387,2910.0,242.0,91139.0,12151.866666666667
388,2917.5,234.0,91373.0,12183.066666666668
389,2925.0,254.0,91627.0,12216.933333333332
390,2932.5,245.0,91872.0,12249.6
391,2940.0,231.0,92103.0,12280.4
392,2947.5,243.0,92346.0,12312.8
393,2955.0,222.0,92568.0,12342.4
394,2962.5,245.0,92813.0,12375.066666666668
395,2970.0,216.0,93029.0,12403.866666666667
396,2977.5,249.0,93278.0,12437.066666666668
397,2985.0,226.0,93504.0,12467.2
398,2992.5,213.0,93717.0,12495.6
399,3000.0,218.0,93935.0,12524.666666666666
400,3007.5,211.0,94146.0,12552.8
401,3015.0,245.0,94391.0,12585.466666666667
402,3022.5,219.0,94610.0,12614.666666666666
403,3030.0,220.0,94830.0,12644.0
404,3037.5,221.0,95051.0,12673.466666666667
405,3045.0,244.0,95295.0,12706.0
406,3052.5,253.0,95548.0,12739.733333333334
407,3060.0,228.0,95776.0,12770.133333333333
408,3067.5,216.0,95992.0,12798.933333333332
409,3075.0,228.0,96220.0,12829.333333333334
410,3082.5,220.0,96440.0,12858.666666666666
411,3090.0,231.0,96671.0,12889.466666666667
412,3097.5,219.0,96890.0,12918.666666666666
413,3105.0,231.0,97121.0,12949.466666666667
414,3112.5,237.0,97358.0,12981.066666666668
415,3120.0,230.0,97588.0,13011.733333333334
416,3127.5,238.0,97826.0,13043.466666666667
417,3135.0,254.0,98080.0,13077.333333333334
418,3142.5,248.0,98328.0,13110.4
419,3150.0,226.0,98554.0,13140.533333333333
420,3157.5,243.0,98797.0,13172.933333333332
421,3165.0,248.0,99045.0,13206.0
422,3172.5,219.0,99264.0,13235.2
423,3180.0,224.0,99488.0,13265.066666666668
424,3187.5,225.0,99713.0,13295.066666666668
425,3195.0,261.0,99974.0,13329.866666666667
426,3202.5,243.0,100217.0,13362.266666666666
427,3210.0,223.0,100440.0,13392.0
428,3217.5,241.0,100681.0,13424.133333333333
429,3225.0,245.0,100926.0,13456.8
430,3232.5,227.0,101153.0,13487.066666666668
431,3240.0,239.0,101392.0,13518.933333333332
432,3247.5,260.0,101652.0,13553.6
433,3255.0,230.0,101882.0,13584.266666666666
434,3262.5,235.0,102117.0,13615.6
435,3270.0,230.0,102347.0,13646.266666666666
436,3277.5,249.0,102596.0,13679.466666666667
437,3285.0,231.0,102827.0,13710.266666666666
438,3292.5,225.0,103052.0,13740.266666666666
439,3300.0,260.0,103312.0,13774.933333333332
440,3307.5,266.0,103578.0,13810.4
441,3315.0,241.0,103819.0,13842.533333333333
442,3322.5,234.0,104053.0,13873.733333333334
443,3330.0,228.0,104281.0,13904.133333333333
444,3337.5,237.0,104518.0,13935.733333333334
445,3345.0,235.0,104753.0,13967.066666666668
446,3352.5,220.0,104973.0,13996.4
447,3360.0,226.0,105199.0,14026.533333333333
448,3367.5,230.0,105429.0,14057.2
449,3375.0,246.0,105675.0,14090.0
450,3382.5,205.0,105880.0,14117.333333333334
451,3390.0,242.0,106122.0,14149.6
452,3397.5,255.0,106377.0,14183.6
453,3405.0,217.0,106594.0,14212.533333333333
454,3412.5,238.0,106832.0,14244.266666666666
455,3420.0,213.0,107045.0,14272.666666666666
456,3427.5,218.0,107263.0,14301.733333333334
457,3435.0,213.0,107476.0,14330.133333333333
458,3442.5,253.0,107729.0,14363.866666666667
459,3450.0,270.0,107999.0,14399.866666666667
460,3457.5,255.0,108254.0,14433.866666666667
461,3465.0,221.0,108475.0,14463.333333333334
462,3472.5,233.0,108708.0,14494.4
463,3480.0,223.0,108931.0,14524.133333333333
464,3487.5,261.0,109192.0,14558.933333333332
465,3495.0,244.0,109436.0,14591.466666666667
466,3502.5,250.0,109686.0,14624.8
467,3510.0,246.0,109932.0,14657.6
468,3517.5,224.0,110156.0,14687.466666666667
469,3525.0,256.0,110412.0,14721.6
470,3532.5,243.0,110655.0,14754.0
471,3540.0,214.0,110869.0,14782.533333333333
472,3547.5,232.0,111101.0,14813.466666666667
473,3555.0,249.0,111350.0,14846.666666666666
474,3562.5,254.0,111604.0,14880.533333333333
475,3570.0,231.0,111835.0,14911.333333333334
476,3577.5,217.0,112052.0,14940.266666666666
477,3585.0,228.0,112280.0,14970.666666666666
478,3592.5,237.0,112517.0,15002.266666666666
479,3600.0,228.0,112745.0,15032.666666666666
480,3607.5,232.0,112977.0,15063.6
481,3615.0,251.0,113228.0,15097.066666666668
482,3622.5,253.0,113481.0,15130.8
483,3630.0,241.0,113722.0,15162.933333333332
484,3637.5,255.0,113977.0,15196.933333333332
485,3645.0,204.0,114181.0,15224.133333333333
486,3652.5,240.0,114421.0,15256.133333333333
487,3660.0,223.0,114644.0,15285.866666666667
488,3667.5,229.0,114873.0,15316.4
489,3675.0,269.0,115142.0,15352.266666666666
490,3682.5,241.0,115383.0,15384.4
491,3690.0,216.0,115599.0,15413.2
492,3697.5,217.0,115816.0,15442.133333333333
493,3705.0,244.0,116060.0,15474.666666666666
494,3712.5,275.0,116335.0,15511.333333333334
495,3720.0,241.0,116576.0,15543.466666666667
496,3727.5,239.0,116815.0,15575.333333333334
497,3735.0,232.0,117047.0,15606.266666666666
498,3742.5,246.0,117293.0,15639.066666666668
499,3750.0,243.0,117536.0,15671.466666666667
500,3757.5,257.0,117793.0,15705.733333333334
501,3765.0,238.0,118031.0,15737.466666666667
502,3772.5,229.0,118260.0,15768.0
503,3780.0,211.0,118471.0,15796.133333333333
504,3787.5,249.0,118720.0,15829.333333333334
505,3795.0,229.0,118949.0,15859.866666666667
506,3802.5,227.0,119176.0,15890.133333333333
507,3810.0,229.0,119405.0,15920.666666666666
508,3817.5,262.0,119667.0,15955.6
509,3825.0,226.0,119893.0,15985.733333333334
510,3832.5,249.0,120142.0,16018.933333333332
511,3840.0,247.0,120389.0,16051.866666666667
512,3847.5,256.0,120645.0,16086.0
513,3855.0,228.0,120873.0,16116.4
514,3862.5,237.0,121110.0,16148.0
515,3870.0,254.0,121364.0,16181.866666666667
516,3877.5,231.0,121595.0,16212.666666666666
517,3885.0,234.0,121829.0,16243.866666666667
518,3892.5,232.0,122061.0,16274.8
519,3900.0,244.0,122305.0,16307.333333333334
520,3907.5,231.0,122536.0,16338.133333333333
521,3915.0,231.0,122767.0,16368.933333333332
522,3922.5,224.0,122991.0,16398.8
523,3930.0,272.0,123263.0,16435.066666666666
524,3937.5,231.0,123494.0,16465.866666666665
525,3945.0,223.0,123717.0,16495.6
526,3952.5,246.0,123963.0,16528.4
527,3960.0,256.0,124219.0,16562.533333333333
528,3967.5,229.0,124448.0,16593.066666666666
529,3975.0,233.0,124681.0,16624.133333333335
530,3982.5,257.0,124938.0,16658.4
531,3990.0,268.0,125206.0,16694.133333333335
532,3997.5,227.0,125433.0,16724.4
533,4005.0,226.0,125659.0,16754.533333333333
534,4012.5,250.0,125909.0,16787.866666666665
535,4020.0,239.0,126148.0,16819.733333333334
536,4027.5,248.0,126396.0,16852.8
537,4035.0,248.0,126644.0,16885.866666666665
538,4042.5,248.0,126892.0,16918.933333333334
539,4050.0,239.0,127131.0,16950.8
540,4057.5,226.0,127357.0,16980.933333333334
541,4065.0,219.0,127576.0,17010.133333333335
542,4072.5,257.0,127833.0,17044.4
543,4080.0,225.0,128058.0,17074.4
544,4087.5,260.0,128318.0,17109.066666666666
545,4095.0,239.0,128557.0,17140.933333333334
546,4102.5,207.0,128764.0,17168.533333333333
547,4110.0,234.0,128998.0,17199.733333333334
548,4117.5,270.0,129268.0,17235.733333333334
549,4125.0,253.0,129521.0,17269.466666666667
550,4132.5,256.0,129777.0,17303.6
551,4140.0,226.0,130003.0,17333.733333333334
552,4147.5,213.0,130216.0,17362.133333333335
553,4155.0,225.0,130441.0,17392.133333333335
554,4162.5,230.0,130671.0,17422.8
555,4170.0,223.0,130894.0,17452.533333333333
556,4177.5,259.0,131153.0,17487.066666666666
557,4185.0,226.0,131379.0,17517.2
558,4192.5,241.0,131620.0,17549.333333333332
559,4200.0,228.0,131848.0,17579.733333333334
560,4207.5,241.0,132089.0,17611.866666666665
561,4215.0,242.0,132331.0,17644.133333333335
562,4222.5,223.0,132554.0,17673.866666666665
563,4230.0,214.0,132768.0,17702.4
564,4237.5,266.0,133034.0,17737.866666666665
565,4245.0,238.0,133272.0,17769.6
566,4252.5,242.0,133514.0,17801.866666666665
567,4260.0,246.0,133760.0,17834.666666666668
568,4267.5,223.0,133983.0,17864.4
569,4275.0,266.0,134249.0,17899.866666666665
570,4282.5,225.0,134474.0,17929.866666666665
571,4290.0,265.0,134739.0,17965.2
572,4297.5,218.0,134957.0,17994.266666666666
573,4305.0,248.0,135205.0,18027.333333333332
574,4312.5,240.0,135445.0,18059.333333333332
575,4320.0,240.0,135685.0,18091.333333333332
576,4327.5,216.0,135901.0,18120.133333333335
577,4335.0,228.0,136129.0,18150.533333333333
578,4342.5,209.0,136338.0,18178.4
579,4350.0,263.0,136601.0,18213.466666666667
580,4357.5,226.0,136827.0,18243.6
581,4365.0,247.0,137074.0,18276.533333333333
582,4372.5,238.0,137312.0,18308.266666666666
583,4380.0,222.0,137534.0,18337.866666666665
584,4387.5,245.0,137779.0,18370.533333333333
585,4395.0,231.0,138010.0,18401.333333333332
586,4402.5,228.0,138238.0,18431.733333333334
587,4410.0,227.0,138465.0,18462.0
588,4417.5,268.0,138733.0,18497.733333333334
589,4425.0,254.0,138987.0,18531.6
590,4432.5,250.0,139237.0,18564.933333333334
591,4440.0,230.0,139467.0,18595.6
592,4447.5,242.0,139709.0,18627.866666666665
593,4455.0,233.0,139942.0,18658.933333333334
594,4462.5,241.0,140183.0,18691.066666666666
595,4470.0,245.0,140428.0,18723.733333333334
596,4477.5,258.0,140686.0,18758.133333333335
597,4485.0,237.0,140923.0,18789.733333333334
598,4492.5,213.0,141136.0,18818.133333333335
599,4500.0,224.0,141360.0,18848.0
600,4507.5,213.0,141573.0,18876.4
601,4515.0,211.0,141784.0,18904.533333333333
602,4522.5,223.0,142007.0,18934.266666666666
603,4530.0,233.0,142240.0,18965.333333333332
604,4537.5,219.0,142459.0,18994.533333333333
605,4545.0,212.0,142671.0,19022.8
606,4552.5,223.0,142894.0,19052.533333333333
607,4560.0,241.0,143135.0,19084.666666666668
608,4567.5,241.0,143376.0,19116.8
609,4575.0,235.0,143611.0,19148.133333333335
610,4582.5,237.0,143848.0,19179.733333333334
611,4590.0,249.0,144097.0,19212.933333333334
612,4597.5,243.0,144340.0,19245.333333333332
613,4605.0,254.0,144594.0,19279.2
614,4612.5,228.0,144822.0,19309.6
615,4620.0,247.0,145069.0,19342.533333333333
616,4627.5,240.0,145309.0,19374.533333333333
617,4635.0,225.0,145534.0,19404.533333333333
618,4642.5,212.0,145746.0,19432.8
619,4650.0,226.0,145972.0,19462.933333333334
620,4657.5,235.0,146207.0,19494.266666666666
621,4665.0,235.0,146442.0,19525.6
622,4672.5,223.0,146665.0,19555.333333333332
623,4680.0,270.0,146935.0,19591.333333333332
624,4687.5,238.0,147173.0,19623.066666666666
625,4695.0,243.0,147416.0,19655.466666666667
626,4702.5,215.0,147631.0,19684.133333333335
627,4710.0,241.0,147872.0,19716.266666666666
628,4717.5,242.0,148114.0,19748.533333333333
629,4725.0,235.0,148349.0,19779.866666666665
630,4732.5,210.0,148559.0,19807.866666666665
631,4740.0,264.0,148823.0,19843.066666666666
632,4747.5,249.0,149072.0,19876.266666666666
633,4755.0,240.0,149312.0,19908.266666666666
634,4762.5,245.0,149557.0,19940.933333333334
635,4770.0,233.0,149790.0,19972.0
636,4777.5,232.0,150022.0,20002.933333333334
637,4785.0,240.0,150262.0,20034.933333333334
638,4792.5,234.0,150496.0,20066.133333333335
639,4800.0,226.0,150722.0,20096.266666666666
640,4807.5,225.0,150947.0,20126.266666666666
641,4815.0,215.0,151162.0,20154.933333333334
642,4822.5,253.0,151415.0,20188.666666666668
643,4830.0,241.0,151656.0,20220.8
644,4837.5,258.0,151914.0,20255.2
645,4845.0,240.0,152154.0,20287.2
646,4852.5,228.0,152382.0,20317.6
647,4860.0,232.0,152614.0,20348.533333333333
648,4867.5,250.0,152864.0,20381.866666666665
649,4875.0,248.0,153112.0,20414.933333333334
650,4882.5,224.0,153336.0,20444.8
651,4890.0,236.0,153572.0,20476.266666666666
652,4897.5,209.0,153781.0,20504.133333333335
653,4905.0,247.0,154028.0,20537.066666666666
654,4912.5,240.0,154268.0,20569.066666666666
655,4920.0,212.0,154480.0,20597.333333333332
656,4927.5,230.0,154710.0,20628.0
657,4935.0,243.0,154953.0,20660.4
658,4942.5,245.0,155198.0,20693.066666666666
659,4950.0,245.0,155443.0,20725.733333333334
660,4957.5,255.0,155698.0,20759.733333333334
661,4965.0,234.0,155932.0,20790.933333333334
662,4972.5,247.0,156179.0,20823.866666666665
663,4980.0,233.0,156412.0,20854.933333333334
664,4987.5,253.0,156665.0,20888.666666666668
665,4995.0,247.0,156912.0,20921.6
666,5002.5,220.0,157132.0,20950.933333333334
667,5010.0,232.0,157364.0,20981.866666666665
668,5017.5,223.0,157587.0,21011.6
669,5025.0,243.0,157830.0,21044.0
670,5032.5,256.0,158086.0,21078.133333333335
671,5040.0,245.0,158331.0,21110.8
672,5047.5,244.0,158575.0,21143.333333333332
673,5055.0,217.0,158792.0,21172.266666666666
674,5062.5,218.0,159010.0,21201.333333333332
675,5070.0,220.0,159230.0,21230.666666666668
676,5077.5,239.0,159469.0,21262.533333333333
677,5085.0,232.0,159701.0,21293.466666666667
678,5092.5,222.0,159923.0,21323.066666666666
679,5100.0,247.0,160170.0,21356.0
680,5107.5,231.0,160401.0,21386.8
681,5115.0,210.0,160611.0,21414.8
682,5122.5,239.0,160850.0,21446.666666666668
683,5130.0,249.0,161099.0,21479.866666666665
684,5137.5,248.0,161347.0,21512.933333333334
685,5145.0,263.0,161610.0,21548.0
686,5152.5,264.0,161874.0,21583.2
687,5160.0,240.0,162114.0,21615.2
688,5167.5,235.0,162349.0,21646.533333333333
689,5175.0,192.0,162541.0,21672.133333333335
690,5182.5,236.0,162777.0,21703.6
691,5190.0,208.0,162985.0,21731.333333333332
692,5197.5,240.0,163225.0,21763.333333333332
693,5205.0,225.0,163450.0,21793.333333333332
694,5212.5,203.0,163653.0,21820.4
695,5220.0,257.0,163910.0,21854.666666666668
696,5227.5,233.0,164143.0,21885.733333333334
697,5235.0,228.0,164371.0,21916.133333333335
698,5242.5,235.0,164606.0,21947.466666666667
699,5250.0,231.0,164837.0,21978.266666666666
700,5257.5,238.0,165075.0,22010.0
701,5265.0,231.0,165306.0,22040.8
702,5272.5,243.0,165549.0,22073.2
703,5280.0,255.0,165804.0,22107.2
704,5287.5,244.0,166048.0,22139.733333333334
705,5295.0,263.0,166311.0,22174.8
706,5302.5,232.0,166543.0,22205.733333333334
707,5310.0,210.0,166753.0,22233.733333333334
708,5317.5,262.0,167015.0,22268.666666666668
709,5325.0,251.0,167266.0,22302.133333333335
710,5332.5,218.0,167484.0,22331.2
711,5340.0,257.0,167741.0,22365.466666666667
712,5347.5,240.0,167981.0,22397.466666666667
713,5355.0,237.0,168218.0,22429.066666666666
714,5362.5,234.0,168452.0,22460.266666666666
715,5370.0,246.0,168698.0,22493.066666666666
716,5377.5,226.0,168924.0,22523.2
717,5385.0,258.0,169182.0,22557.6
718,5392.5,251.0,169433.0,22591.066666666666
719,5400.0,239.0,169672.0,22622.933333333334
720,5407.5,253.0,169925.0,22656.666666666668
721,5415.0,247.0,170172.0,22689.6
722,5422.5,219.0,170391.0,22718.8
723,5430.0,223.0,170614.0,22748.533333333333
724,5437.5,224.0,170838.0,22778.4
725,5445.0,229.0,171067.0,22808.933333333334
726,5452.5,223.0,171290.0,22838.666666666668
727,5460.0,197.0,171487.0,22864.933333333334
728,5467.5,230.0,171717.0,22895.6
729,5475.0,231.0,171948.0,22926.4
730,5482.5,231.0,172179.0,22957.2
731,5490.0,239.0,172418.0,22989.066666666666
732,5497.5,231.0,172649.0,23019.866666666665
733,5505.0,235.0,172884.0,23051.2
734,5512.5,232.0,173116.0,23082.133333333335
735,5520.0,242.0,173358.0,23114.4
736,5527.5,239.0,173597.0,23146.266666666666
737,5535.0,228.0,173825.0,23176.666666666668
738,5542.5,242.0,174067.0,23208.933333333334
739,5550.0,240.0,174307.0,23240.933333333334
740,5557.5,212.0,174519.0,23269.2
741,5565.0,250.0,174769.0,23302.533333333333
742,5572.5,231.0,175000.0,23333.333333333332
743,5580.0,243.0,175243.0,23365.733333333334
744,5587.5,232.0,175475.0,23396.666666666668
745,5595.0,265.0,175740.0,23432.0
746,5602.5,215.0,175955.0,23460.666666666668
747,5610.0,257.0,176212.0,23494.933333333334
748,5617.5,248.0,176460.0,23528.0
749,5625.0,252.0,176712.0,23561.6
750,5632.5,232.0,176944.0,23592.533333333333
751,5640.0,238.0,177182.0,23624.266666666666
752,5647.5,227.0,177409.0,23654.533333333333
753,5655.0,253.0,177662.0,23688.266666666666
754,5662.5,237.0,177899.0,23719.866666666665
755,5670.0,245.0,178144.0,23752.533333333333
756,5677.5,243.0,178387.0,23784.933333333334
757,5685.0,236.0,178623.0,23816.4
758,5692.5,239.0,178862.0,23848.266666666666
759,5700.0,250.0,179112.0,23881.6
760,5707.5,239.0,179351.0,23913.466666666667
761,5715.0,236.0,179587.0,23944.933333333334
762,5722.5,244.0,179831.0,23977.466666666667
763,5730.0,245.0,180076.0,24010.133333333335
764,5737.5,265.0,180341.0,24045.466666666667
765,5745.0,228.0,180569.0,24075.866666666665
766,5752.5,212.0,180781.0,24104.133333333335
767,5760.0,219.0,181000.0,24133.333333333332
768,5767.5,231.0,181231.0,24164.133333333335
769,5775.0,211.0,181442.0,24192.266666666666
770,5782.5,225.0,181667.0,24222.266666666666
771,5790.0,234.0,181901.0,24253.466666666667
772,5797.5,225.0,182126.0,24283.466666666667
773,5805.0,247.0,182373.0,24316.4
774,5812.5,256.0,182629.0,24350.533333333333
775,5820.0,222.0,182851.0,24380.133333333335
776,5827.5,245.0,183096.0,24412.8
777,5835.0,212.0,183308.0,24441.066666666666
778,5842.5,226.0,183534.0,24471.2
779,5850.0,261.0,183795.0,24506.0
780,5857.5,214.0,184009.0,24534.533333333333
781,5865.0,250.0,184259.0,24567.866666666665
782,5872.5,218.0,184477.0,24596.933333333334
783,5880.0,243.0,184720.0,24629.333333333332
784,5887.5,242.0,184962.0,24661.6
785,5895.0,234.0,185196.0,24692.8
786,5902.5,237.0,185433.0,24724.4
787,5910.0,243.0,185676.0,24756.8
788,5917.5,246.0,185922.0,24789.6
789,5925.0,232.0,186154.0,24820.533333333333
790,5932.5,243.0,186397.0,24852.933333333334
791,5940.0,251.0,186648.0,24886.4
792,5947.5,231.0,186879.0,24917.2
793,5955.0,215.0,187094.0,24945.866666666665
794,5962.5,232.0,187326.0,24976.8
795,5970.0,222.0,187548.0,25006.4
796,5977.5,248.0,187796.0,25039.466666666667
797,5985.0,232.0,188028.0,25070.4
798,5992.5,239.0,188267.0,25102.266666666666
799,6000.0,220.0,188487.0,25131.6
800,6007.5,237.0,188724.0,25163.2
801,6015.0,225.0,188949.0,25193.2
802,6022.5,229.0,189178.0,25223.733333333334
803,6030.0,220.0,189398.0,25253.066666666666
804,6037.5,248.0,189646.0,25286.133333333335
805,6045.0,257.0,189903.0,25320.4
806,6052.5,223.0,190126.0,25350.133333333335
807,6060.0,222.0,190348.0,25379.733333333334
808,6067.5,229.0,190577.0,25410.266666666666
809,6075.0,268.0,190845.0,25446.0
810,6082.5,217.0,191062.0,25474.933333333334
811,6090.0,242.0,191304.0,25507.2
812,6097.5,230.0,191534.0,25537.866666666665
813,6105.0,228.0,191762.0,25568.266666666666
814,6112.5,259.0,192021.0,25602.8
815,6120.0,239.0,192260.0,25634.666666666668
816,6127.5,221.0,192481.0,25664.133333333335
817,6135.0,207.0,192688.0,25691.733333333334
818,6142.5,250.0,192938.0,25725.066666666666
819,6150.0,248.0,193186.0,25758.133333333335
820,6157.5,244.0,193430.0,25790.666666666668
821,6165.0,220.0,193650.0,25820.0
822,6172.5,231.0,193881.0,25850.8
823,6180.0,230.0,194111.0,25881.466666666667
824,6187.5,232.0,194343.0,25912.4
825,6195.0,239.0,194582.0,25944.266666666666
826,6202.5,246.0,194828.0,25977.066666666666
827,6210.0,248.0,195076.0,26010.133333333335
828,6217.5,227.0,195303.0,26040.4
829,6225.0,231.0,195534.0,26071.2
830,6232.5,198.0,195732.0,26097.6
831,6240.0,228.0,195960.0,26128.0
832,6247.5,228.0,196188.0,26158.4
833,6255.0,236.0,196424.0,26189.866666666665
834,6262.5,256.0,196680.0,26224.0
835,6270.0,262.0,196942.0,26258.933333333334
836,6277.5,256.0,197198.0,26293.066666666666
837,6285.0,259.0,197457.0,26327.6
838,6292.5,258.0,197715.0,26362.0
839,6300.0,255.0,197970.0,26396.0
840,6307.5,200.0,198170.0,26422.666666666668
841,6315.0,239.0,198409.0,26454.533333333333
842,6322.5,240.0,198649.0,26486.533333333333
843,6330.0,243.0,198892.0,26518.933333333334
844,6337.5,223.0,199115.0,26548.666666666668
845,6345.0,261.0,199376.0,26583.466666666667
846,6352.5,225.0,199601.0,26613.466666666667
847,6360.0,235.0,199836.0,26644.8
848,6367.5,226.0,200062.0,26674.933333333334
849,6375.0,229.0,200291.0,26705.466666666667
850,6382.5,202.0,200493.0,26732.4
851,6390.0,230.0,200723.0,26763.066666666666
852,6397.5,222.0,200945.0,26792.666666666668
853,6405.0,235.0,201180.0,26824.0
854,6412.5,251.0,201431.0,26857.466666666667
855,6420.0,238.0,201669.0,26889.2
856,6427.5,239.0,201908.0,26921.066666666666
857,6435.0,236.0,202144.0,26952.533333333333
858,6442.5,231.0,202375.0,26983.333333333332
859,6450.0,223.0,202598.0,27013.066666666666
860,6457.5,249.0,202847.0,27046.266666666666
861,6465.0,264.0,203111.0,27081.466666666667
862,6472.5,210.0,203321.0,27109.466666666667
863,6480.0,239.0,203560.0,27141.333333333332
864,6487.5,224.0,203784.0,27171.2
865,6495.0,238.0,204022.0,27202.933333333334
866,6502.5,234.0,204256.0,27234.133333333335
867,6510.0,243.0,204499.0,27266.533333333333
868,6517.5,242.0,204741.0,27298.8
869,6525.0,241.0,204982.0,27330.933333333334
870,6532.5,225.0,205207.0,27360.933333333334
871,6540.0,254.0,205461.0,27394.8
872,6547.5,231.0,205692.0,27425.6
873,6555.0,230.0,205922.0,27456.266666666666
874,6562.5,239.0,206161.0,27488.133333333335
875,6570.0,239.0,206400.0,27520.0
876,6577.5,240.0,206640.0,27552.0
877,6585.0,226.0,206866.0,27582.133333333335
878,6592.5,222.0,207088.0,27611.733333333334
879,6600.0,258.0,207346.0,27646.133333333335
880,6607.5,226.0,207572.0,27676.266666666666
881,6615.0,265.0,207837.0,27711.6
882,6622.5,234.0,208071.0,27742.8
883,6630.0,234.0,208305.0,27774.0
884,6637.5,204.0,208509.0,27801.2
885,6645.0,244.0,208753.0,27833.733333333334
886,6652.5,258.0,209011.0,27868.133333333335
887,6660.0,241.0,209252.0,27900.266666666666
888,6667.5,232.0,209484.0,27931.2
889,6675.0,223.0,209707.0,27960.933333333334
890,6682.5,258.0,209965.0,27995.333333333332
891,6690.0,244.0,210209.0,28027.866666666665
892,6697.5,264.0,210473.0,28063.066666666666
893,6705.0,245.0,210718.0,28095.733333333334
894,6712.5,235.0,210953.0,28127.066666666666
895,6720.0,259.0,211212.0,28161.6
896,6727.5,222.0,211434.0,28191.2
897,6735.0,222.0,211656.0,28220.8
898,6742.5,248.0,211904.0,28253.866666666665
899,6750.0,238.0,212142.0,28285.6
900,6757.5,275.0,212417.0,28322.266666666666
901,6765.0,247.0,212664.0,28355.2
902,6772.5,249.0,212913.0,28388.4
903,6780.0,224.0,213137.0,28418.266666666666
904,6787.5,239.0,213376.0,28450.133333333335
905,6795.0,255.0,213631.0,28484.133333333335
906,6802.5,243.0,213874.0,28516.533333333333
907,6810.0,243.0,214117.0,28548.933333333334
908,6817.5,230.0,214347.0,28579.6
909,6825.0,237.0,214584.0,28611.2
910,6832.5,228.0,214812.0,28641.6
911,6840.0,240.0,215052.0,28673.6
912,6847.5,226.0,215278.0,28703.733333333334
913,6855.0,219.0,215497.0,28732.933333333334
914,6862.5,241.0,215738.0,28765.066666666666
915,6870.0,233.0,215971.0,28796.133333333335
916,6877.5,226.0,216197.0,28826.266666666666
917,6885.0,226.0,216423.0,28856.4
918,6892.5,237.0,216660.0,28888.0
919,6900.0,219.0,216879.0,28917.2
920,6907.5,229.0,217108.0,28947.733333333334
921,6915.0,271.0,217379.0,28983.866666666665
922,6922.5,223.0,217602.0,29013.6
923,6930.0,205.0,217807.0,29040.933333333334
924,6937.5,267.0,218074.0,29076.533333333333
925,6945.0,252.0,218326.0,29110.133333333335
926,6952.5,236.0,218562.0,29141.6
927,6960.0,220.0,218782.0,29170.933333333334
928,6967.5,222.0,219004.0,29200.533333333333
929,6975.0,228.0,219232.0,29230.933333333334
930,6982.5,248.0,219480.0,29264.0
931,6990.0,264.0,219744.0,29299.2
932,6997.5,236.0,219980.0,29330.666666666668
933,7005.0,243.0,220223.0,29363.066666666666
934,7012.5,231.0,220454.0,29393.866666666665
935,7020.0,252.0,220706.0,29427.466666666667
936,7027.5,231.0,220937.0,29458.266666666666
937,7035.0,243.0,221180.0,29490.666666666668
938,7042.5,246.0,221426.0,29523.466666666667
939,7050.0,244.0,221670.0,29556.0
940,7057.5,267.0,221937.0,29591.6
941,7065.0,224.0,222161.0,29621.466666666667
942,7072.5,225.0,222386.0,29651.466666666667
943,7080.0,243.0,222629.0,29683.866666666665
944,7087.5,241.0,222870.0,29716.0
945,7095.0,213.0,223083.0,29744.4
946,7102.5,237.0,223320.0,29776.0
947,7110.0,229.0,223549.0,29806.533333333333
948,7117.5,249.0,223798.0,29839.733333333334
949,7125.0,251.0,224049.0,29873.2
950,7132.5,274.0,224323.0,29909.733333333334
951,7140.0,208.0,224531.0,29937.466666666667
952,7147.5,228.0,224759.0,29967.866666666665
953,7155.0,246.0,225005.0,30000.666666666668
954,7162.5,211.0,225216.0,30028.8
955,7170.0,223.0,225439.0,30058.533333333333
956,7177.5,229.0,225668.0,30089.066666666666
957,7185.0,261.0,225929.0,30123.866666666665
958,7192.5,257.0,226186.0,30158.133333333335
959,7200.0,230.0,226416.0,30188.8
960,7207.5,229.0,226645.0,30219.333333333332
961,7215.0,245.0,226890.0,30252.0
962,7222.5,243.0,227133.0,30284.4
963,7230.0,233.0,227366.0,30315.466666666667
964,7237.5,279.0,227645.0,30352.666666666668
965,7245.0,247.0,227892.0,30385.6
966,7252.5,246.0,228138.0,30418.4
967,7260.0,223.0,228361.0,30448.133333333335
968,7267.5,252.0,228613.0,30481.733333333334
969,7275.0,226.0,228839.0,30511.866666666665
970,7282.5,260.0,229099.0,30546.533333333333
971,7290.0,226.0,229325.0,30576.666666666668
972,7297.5,217.0,229542.0,30605.6
973,7305.0,244.0,229786.0,30638.133333333335
974,7312.5,251.0,230037.0,30671.6
975,7320.0,214.0,230251.0,30700.133333333335
976,7327.5,253.0,230504.0,30733.866666666665
977,7335.0,248.0,230752.0,30766.933333333334
978,7342.5,249.0,231001.0,30800.133333333335
979,7350.0,258.0,231259.0,30834.533333333333
980,7357.5,223.0,231482.0,30864.266666666666
981,7365.0,247.0,231729.0,30897.2
982,7372.5,259.0,231988.0,30931.733333333334
983,7380.0,241.0,232229.0,30963.866666666665
984,7387.5,239.0,232468.0,30995.733333333334
985,7395.0,225.0,232693.0,31025.733333333334
986,7402.5,218.0,232911.0,31054.8
987,7410.0,261.0,233172.0,31089.6
988,7417.5,237.0,233409.0,31121.2
989,7425.0,233.0,233642.0,31152.266666666666
990,7432.5,232.0,233874.0,31183.2
991,7440.0,249.0,234123.0,31216.4
992,7447.5,231.0,234354.0,31247.2
993,7455.0,253.0,234607.0,31280.933333333334
994,7462.5,225.0,234832.0,31310.933333333334
995,7470.0,221.0,235053.0,31340.4
996,7477.5,207.0,235260.0,31368.0
997,7485.0,237.0,235497.0,31399.6
998,7492.5,279.0,235776.0,31436.8
999,7500.0,244.0,236020.0,31469.333333333332
1000,7507.5,224.0,236244.0,31499.2
1001,7515.0,238.0,236482.0,31530.933333333334
1002,7522.5,238.0,236720.0,31562.666666666668
1003,7530.0,229.0,236949.0,31593.2
1004,7537.5,235.0,237184.0,31624.533333333333
1005,7545.0,239.0,237423.0,31656.4
1006,7552.5,239.0,237662.0,31688.266666666666
1007,7560.0,242.0,237904.0,31720.533333333333
1008,7567.5,246.0,238150.0,31753.333333333332
1009,7575.0,250.0,238400.0,31786.666666666668
1010,7582.5,223.0,238623.0,31816.4
1011,7590.0,246.0,238869.0,31849.2
1012,7597.5,240.0,239109.0,31881.2
1013,7605.0,255.0,239364.0,31915.2
1014,7612.5,261.0,239625.0,31950.0
1015,7620.0,232.0,239857.0,31980.933333333334
1016,7627.5,236.0,240093.0,32012.4
1017,7635.0,215.0,240308.0,32041.066666666666
1018,7642.5,235.0,240543.0,32072.4
1019,7650.0,238.0,240781.0,32104.133333333335
1020,7657.5,262.0,241043.0,32139.066666666666
1021,7665.0,232.0,241275.0,32170.0
1022,7672.5,270.0,241545.0,32206.0
1023,7680.0,234.0,241779.0,32237.2
1024,7687.5,245.0,242024.0,32269.866666666665
1025,7695.0,261.0,242285.0,32304.666666666668
1026,7702.5,238.0,242523.0,32336.4
1027,7710.0,254.0,242777.0,32370.266666666666
1028,7717.5,246.0,243023.0,32403.066666666666
1029,7725.0,260.0,243283.0,32437.733333333334
1030,7732.5,257.0,243540.0,32472.0
1031,7740.0,204.0,243744.0,32499.2
1032,7747.5,229.0,243973.0,32529.733333333334
1033,7755.0,244.0,244217.0,32562.266666666666
1034,7762.5,219.0,244436.0,32591.466666666667
1035,7770.0,271.0,244707.0,32627.6
1036,7777.5,236.0,244943.0,32659.066666666666
1037,7785.0,204.0,245147.0,32686.266666666666
1038,7792.5,244.0,245391.0,32718.8
1039,7800.0,224.0,245615.0,32748.666666666668
1040,7807.5,251.0,245866.0,32782.13333333333
1041,7815.0,231.0,246097.0,32812.933333333334
1042,7822.5,236.0,246333.0,32844.4
1043,7830.0,237.0,246570.0,32876.0
1044,7837.5,242.0,246812.0,32908.26666666667
1045,7845.0,248.0,247060.0,32941.333333333336
1046,7852.5,243.0,247303.0,32973.73333333333
1047,7860.0,270.0,247573.0,33009.73333333333
1048,7867.5,231.0,247804.0,33040.53333333333
1049,7875.0,240.0,248044.0,33072.53333333333
1050,7882.5,217.0,248261.0,33101.46666666667
1051,7890.0,258.0,248519.0,33135.86666666667
1052,7897.5,263.0,248782.0,33170.933333333334
1053,7905.0,240.0,249022.0,33202.933333333334
1054,7912.5,231.0,249253.0,33233.73333333333
1055,7920.0,231.0,249484.0,33264.53333333333
1056,7927.5,269.0,249753.0,33300.4
1057,7935.0,221.0,249974.0,33329.86666666667
1058,7942.5,266.0,250240.0,33365.333333333336
1059,7950.0,247.0,250487.0,33398.26666666667
1060,7957.5,243.0,250730.0,33430.666666666664
1061,7965.0,252.0,250982.0,33464.26666666667
1062,7972.5,251.0,251233.0,33497.73333333333
1063,7980.0,218.0,251451.0,33526.8
1064,7987.5,223.0,251674.0,33556.53333333333
1065,7995.0,211.0,251885.0,33584.666666666664
1066,8002.5,251.0,252136.0,33618.13333333333
1067,8010.0,254.0,252390.0,33652.0
1068,8017.5,238.0,252628.0,33683.73333333333
1069,8025.0,243.0,252871.0,33716.13333333333
1070,8032.5,249.0,253120.0,33749.333333333336
1071,8040.0,246.0,253366.0,33782.13333333333
1072,8047.5,240.0,253606.0,33814.13333333333
1073,8055.0,246.0,253852.0,33846.933333333334
1074,8062.5,258.0,254110.0,33881.333333333336
1075,8070.0,253.0,254363.0,33915.066666666666
1076,8077.5,272.0,254635.0,33951.333333333336
1077,8085.0,235.0,254870.0,33982.666666666664
1078,8092.5,240.0,255110.0,34014.666666666664
1079,8100.0,231.0,255341.0,34045.46666666667
1080,8107.5,223.0,255564.0,34075.2
1081,8115.0,240.0,255804.0,34107.2
1082,8122.5,233.0,256037.0,34138.26666666667
1083,8130.0,233.0,256270.0,34169.333333333336
1084,8137.5,237.0,256507.0,34200.933333333334
1085,8145.0,220.0,256727.0,34230.26666666667
1086,8152.5,242.0,256969.0,34262.53333333333
1087,8160.0,243.0,257212.0,34294.933333333334
1088,8167.5,275.0,257487.0,34331.6
1089,8175.0,226.0,257713.0,34361.73333333333
1090,8182.5,242.0,257955.0,34394.0
1091,8190.0,246.0,258201.0,34426.8
1092,8197.5,244.0,258445.0,34459.333333333336
1093,8205.0,231.0,258676.0,34490.13333333333
1094,8212.5,229.0,258905.0,34520.666666666664
1095,8220.0,243.0,259148.0,34553.066666666666
1096,8227.5,224.0,259372.0,34582.933333333334
1097,8235.0,269.0,259641.0,34618.8
1098,8242.5,246.0,259887.0,34651.6
1099,8250.0,214.0,260101.0,34680.13333333333
1100,8257.5,197.0,260298.0,34706.4
1101,8265.0,241.0,260539.0,34738.53333333333
1102,8272.5,232.0,260771.0,34769.46666666667
1103,8280.0,229.0,261000.0,34800.0
1104,8287.5,244.0,261244.0,34832.53333333333
1105,8295.0,215.0,261459.0,34861.2
1106,8302.5,237.0,261696.0,34892.8
1107,8310.0,251.0,261947.0,34926.26666666667
1108,8317.5,234.0,262181.0,34957.46666666667
1109,8325.0,235.0,262416.0,34988.8
1110,8332.5,235.0,262651.0,35020.13333333333
1111,8340.0,226.0,262877.0,35050.26666666667
1112,8347.5,249.0,263126.0,35083.46666666667
1113,8355.0,227.0,263353.0,35113.73333333333
1114,8362.5,249.0,263602.0,35146.933333333334
1115,8370.0,242.0,263844.0,35179.2
1116,8377.5,232.0,264076.0,35210.13333333333
1117,8385.0,238.0,264314.0,35241.86666666667
1118,8392.5,219.0,264533.0,35271.066666666666
1119,8400.0,236.0,264769.0,35302.53333333333
1120,8407.5,243.0,265012.0,35334.933333333334
1121,8415.0,234.0,265246.0,35366.13333333333
1122,8422.5,247.0,265493.0,35399.066666666666
1123,8430.0,258.0,265751.0,35433.46666666667
1124,8437.5,256.0,266007.0,35467.6
1125,8445.0,211.0,266218.0,35495.73333333333
1126,8452.5,244.0,266462.0,35528.26666666667
1127,8460.0,227.0,266689.0,35558.53333333333
1128,8467.5,224.0,266913.0,35588.4
1129,8475.0,256.0,267169.0,35622.53333333333
1130,8482.5,240.0,267409.0,35654.53333333333
1131,8490.0,272.0,267681.0,35690.8
1132,8497.5,200.0,267881.0,35717.46666666667
1133,8505.0,241.0,268122.0,35749.6
1134,8512.5,230.0,268352.0,35780.26666666667
1135,8520.0,221.0,268573.0,35809.73333333333
1136,8527.5,224.0,268797.0,35839.6
1137,8535.0,254.0,269051.0,35873.46666666667
1138,8542.5,239.0,269290.0,35905.333333333336
1139,8550.0,228.0,269518.0,35935.73333333333
1140,8557.5,222.0,269740.0,35965.333333333336
1141,8565.0,242.0,269982.0,35997.6
1142,8572.5,251.0,270233.0,36031.066666666666
1143,8580.0,253.0,270486.0,36064.8
1144,8587.5,259.0,270745.0,36099.333333333336
1145,8595.0,234.0,270979.0,36130.53333333333
1146,8602.5,252.0,271231.0,36164.13333333333
1147,8610.0,254.0,271485.0,36198.0
1148,8617.5,237.0,271722.0,36229.6
1149,8625.0,238.0,271960.0,36261.333333333336
1150,8632.5,261.0,272221.0,36296.13333333333
1151,8640.0,232.0,272453.0,36327.066666666666
1152,8647.5,241.0,272694.0,36359.2
1153,8655.0,255.0,272949.0,36393.2
1154,8662.5,227.0,273176.0,36423.46666666667
1155,8670.0,237.0,273413.0,36455.066666666666
1156,8677.5,225.0,273638.0,36485.066666666666
1157,8685.0,243.0,273881.0,36517.46666666667
1158,8692.5,238.0,274119.0,36549.2
1159,8700.0,227.0,274346.0,36579.46666666667
1160,8707.5,233.0,274579.0,36610.53333333333
1161,8715.0,246.0,274825.0,36643.333333333336
1162,8722.5,261.0,275086.0,36678.13333333333
1163,8730.0,237.0,275323.0,36709.73333333333
1164,8737.5,251.0,275574.0,36743.2
1165,8745.0,229.0,275803.0,36773.73333333333
1166,8752.5,243.0,276046.0,36806.13333333333
1167,8760.0,244.0,276290.0,36838.666666666664
1168,8767.5,231.0,276521.0,36869.46666666667
1169,8775.0,224.0,276745.0,36899.333333333336
1170,8782.5,242.0,276987.0,36931.6
1171,8790.0,255.0,277242.0,36965.6
1172,8797.5,257.0,277499.0,36999.86666666667
1173,8805.0,237.0,277736.0,37031.46666666667
1174,8812.5,253.0,277989.0,37065.2
1175,8820.0,226.0,278215.0,37095.333333333336
1176,8827.5,229.0,278444.0,37125.86666666667
1177,8835.0,261.0,278705.0,37160.666666666664
1178,8842.5,224.0,278929.0,37190.53333333333
1179,8850.0,233.0,279162.0,37221.6
1180,8857.5,227.0,279389.0,37251.86666666667
1181,8865.0,235.0,279624.0,37283.2
1182,8872.5,235.0,279859.0,37314.53333333333
1183,8880.0,244.0,280103.0,37347.066666666666
1184,8887.5,249.0,280352.0,37380.26666666667
1185,8895.0,231.0,280583.0,37411.066666666666
1186,8902.5,249.0,280832.0,37444.26666666667
1187,8910.0,250.0,281082.0,37477.6
1188,8917.5,236.0,281318.0,37509.066666666666
1189,8925.0,204.0,281522.0,37536.26666666667
1190,8932.5,264.0,281786.0,37571.46666666667
1191,8940.0,278.0,282064.0,37608.53333333333
1192,8947.5,227.0,282291.0,37638.8
1193,8955.0,214.0,282505.0,37667.333333333336
1194,8962.5,223.0,282728.0,37697.066666666666
1195,8970.0,253.0,282981.0,37730.8
1196,8977.5,247.0,283228.0,37763.73333333333
1197,8985.0,228.0,283456.0,37794.13333333333
1198,8992.5,236.0,283692.0,37825.6
1199,9000.0,227.0,283919.0,37855.86666666667
1200,9007.5,221.0,284140.0,37885.333333333336
1201,9015.0,214.0,284354.0,37913.86666666667
1202,9022.5,232.0,284586.0,37944.8
1203,9030.0,213.0,284799.0,37973.2
1204,9037.5,235.0,285034.0,38004.53333333333
1205,9045.0,230.0,285264.0,38035.2
1206,9052.5,231.0,285495.0,38066.0
1207,9060.0,240.0,285735.0,38098.0
1208,9067.5,247.0,285982.0,38130.933333333334
1209,9075.0,240.0,286222.0,38162.933333333334
1210,9082.5,236.0,286458.0,38194.4
1211,9090.0,239.0,286697.0,38226.26666666667
1212,9097.5,252.0,286949.0,38259.86666666667
1213,9105.0,226.0,287175.0,38290.0
1214,9112.5,233.0,287408.0,38321.066666666666
1215,9120.0,199.0,287607.0,38347.6
1216,9127.5,225.0,287832.0,38377.6
1217,9135.0,242.0,288074.0,38409.86666666667
1218,9142.5,252.0,288326.0,38443.46666666667
1219,9150.0,212.0,288538.0,38471.73333333333
1220,9157.5,242.0,288780.0,38504.0
1221,9165.0,226.0,289006.0,38534.13333333333
1222,9172.5,236.0,289242.0,38565.6
1223,9180.0,224.0,289466.0,38595.46666666667
1224,9187.5,255.0,289721.0,38629.46666666667
1225,9195.0,239.0,289960.0,38661.333333333336
1226,9202.5,250.0,290210.0,38694.666666666664
1227,9210.0,243.0,290453.0,38727.066666666666
1228,9217.5,298.0,290751.0,38766.8
1229,9225.0,265.0,291016.0,38802.13333333333
1230,9232.5,251.0,291267.0,38835.6
1231,9240.0,241.0,291508.0,38867.73333333333
1232,9247.5,240.0,291748.0,38899.73333333333
1233,9255.0,248.0,291996.0,38932.8
1234,9262.5,257.0,292253.0,38967.066666666666
1235,9270.0,259.0,292512.0,39001.6
1236,9277.5,230.0,292742.0,39032.26666666667
1237,9285.0,222.0,292964.0,39061.86666666667
1238,9292.5,240.0,293204.0,39093.86666666667
1239,9300.0,237.0,293441.0,39125.46666666667
1240,9307.5,247.0,293688.0,39158.4
1241,9315.0,224.0,293912.0,39188.26666666667
1242,9322.5,232.0,294144.0,39219.2
1243,9330.0,220.0,294364.0,39248.53333333333
1244,9337.5,225.0,294589.0,39278.53333333333
1245,9345.0,230.0,294819.0,39309.2
1246,9352.5,253.0,295072.0,39342.933333333334
1247,9360.0,235.0,295307.0,39374.26666666667
1248,9367.5,258.0,295565.0,39408.666666666664
1249,9375.0,247.0,295812.0,39441.6
1250,9382.5,221.0,296033.0,39471.066666666666
1251,9390.0,231.0,296264.0,39501.86666666667
1252,9397.5,243.0,296507.0,39534.26666666667
1253,9405.0,262.0,296769.0,39569.2
1254,9412.5,245.0,297014.0,39601.86666666667
1255,9420.0,233.0,297247.0,39632.933333333334
1256,9427.5,244.0,297491.0,39665.46666666667
1257,9435.0,229.0,297720.0,39696.0
1258,9442.5,250.0,297970.0,39729.333333333336
1259,9450.0,232.0,298202.0,39760.26666666667
1260,9457.5,219.0,298421.0,39789.46666666667
1261,9465.0,279.0,298700.0,39826.666666666664
1262,9472.5,297.0,298997.0,39866.26666666667
1263,9480.0,218.0,299215.0,39895.333333333336
1264,9487.5,250.0,299465.0,39928.666666666664
1265,9495.0,257.0,299722.0,39962.933333333334
1266,9502.5,223.0,299945.0,39992.666666666664
1267,9510.0,218.0,300163.0,40021.73333333333
1268,9517.5,269.0,300432.0,40057.6
1269,9525.0,239.0,300671.0,40089.46666666667
1270,9532.5,246.0,300917.0,40122.26666666667
1271,9540.0,213.0,301130.0,40150.666666666664
1272,9547.5,262.0,301392.0,40185.6
1273,9555.0,242.0,301634.0,40217.86666666667
1274,9562.5,238.0,301872.0,40249.6
1275,9570.0,240.0,302112.0,40281.6
1276,9577.5,251.0,302363.0,40315.066666666666
1277,9585.0,229.0,302592.0,40345.6
1278,9592.5,248.0,302840.0,40378.666666666664
1279,9600.0,246.0,303086.0,40411.46666666667
1280,9607.5,241.0,303327.0,40443.6
1281,9615.0,267.0,303594.0,40479.2
1282,9622.5,214.0,303808.0,40507.73333333333
1283,9630.0,216.0,304024.0,40536.53333333333
1284,9637.5,241.0,304265.0,40568.666666666664
1285,9645.0,247.0,304512.0,40601.6
1286,9652.5,221.0,304733.0,40631.066666666666
1287,9660.0,247.0,304980.0,40664.0
1288,9667.5,225.0,305205.0,40694.0
1289,9675.0,249.0,305454.0,40727.2
1290,9682.5,240.0,305694.0,40759.2
1291,9690.0,276.0,305970.0,40796.0
1292,9697.5,258.0,306228.0,40830.4
1293,9705.0,251.0,306479.0,40863.86666666667
1294,9712.5,250.0,306729.0,40897.2
1295,9720.0,233.0,306962.0,40928.26666666667
1296,9727.5,230.0,307192.0,40958.933333333334
1297,9735.0,253.0,307445.0,40992.666666666664
1298,9742.5,241.0,307686.0,41024.8
1299,9750.0,239.0,307925.0,41056.666666666664
1300,9757.5,229.0,308154.0,41087.2
1301,9765.0,230.0,308384.0,41117.86666666667
1302,9772.5,205.0,308589.0,41145.2
1303,9780.0,248.0,308837.0,41178.26666666667
1304,9787.5,241.0,309078.0,41210.4
1305,9795.0,245.0,309323.0,41243.066666666666
1306,9802.5,255.0,309578.0,41277.066666666666
1307,9810.0,218.0,309796.0,41306.13333333333
1308,9817.5,242.0,310038.0,41338.4
1309,9825.0,239.0,310277.0,41370.26666666667
1310,9832.5,240.0,310517.0,41402.26666666667
1311,9840.0,259.0,310776.0,41436.8
1312,9847.5,257.0,311033.0,41471.066666666666
1313,9855.0,208.0,311241.0,41498.8
1314,9862.5,236.0,311477.0,41530.26666666667
1315,9870.0,253.0,311730.0,41564.0
1316,9877.5,214.0,311944.0,41592.53333333333
1317,9885.0,254.0,312198.0,41626.4
1318,9892.5,253.0,312451.0,41660.13333333333
1319,9900.0,260.0,312711.0,41694.8
1320,9907.5,228.0,312939.0,41725.2
1321,9915.0,225.0,313164.0,41755.2
1322,9922.5,252.0,313416.0,41788.8
1323,9930.0,229.0,313645.0,41819.333333333336
1324,9937.5,217.0,313862.0,41848.26666666667
1325,9945.0,239.0,314101.0,41880.13333333333
1326,9952.5,238.0,314339.0,41911.86666666667
1327,9960.0,230.0,314569.0,41942.53333333333
1328,9967.5,235.0,314804.0,41973.86666666667
1329,9975.0,238.0,315042.0,42005.6
1330,9982.5,237.0,315279.0,42037.2
1331,9990.0,228.0,315507.0,42067.6
1332,9997.5,210.0,315717.0,42095.6
1333,10005.0,246.0,315963.0,42128.4
1334,10012.5,231.0,316194.0,42159.2
1335,10020.0,255.0,316449.0,42193.2
1336,10027.5,234.0,316683.0,42224.4
1337,10035.0,245.0,316928.0,42257.066666666666
1338,10042.5,223.0,317151.0,42286.8
1339,10050.0,232.0,317383.0,42317.73333333333
1340,10057.5,242.0,317625.0,42350.0
1341,10065.0,227.0,317852.0,42380.26666666667
1342,10072.5,265.0,318117.0,42415.6
1343,10080.0,231.0,318348.0,42446.4
1344,10087.5,247.0,318595.0,42479.333333333336
1345,10095.0,218.0,318813.0,42508.4
1346,10102.5,257.0,319070.0,42542.666666666664
1347,10110.0,241.0,319311.0,42574.8
1348,10117.5,239.0,319550.0,42606.666666666664
1349,10125.0,240.0,319790.0,42638.666666666664
1350,10132.5,230.0,320020.0,42669.333333333336
1351,10140.0,245.0,320265.0,42702.0
1352,10147.5,260.0,320525.0,42736.666666666664
1353,10155.0,230.0,320755.0,42767.333333333336
1354,10162.5,249.0,321004.0,42800.53333333333
1355,10170.0,237.0,321241.0,42832.13333333333
1356,10177.5,234.0,321475.0,42863.333333333336
1357,10185.0,248.0,321723.0,42896.4
1358,10192.5,223.0,321946.0,42926.13333333333
1359,10200.0,233.0,322179.0,42957.2
1360,10207.5,229.0,322408.0,42987.73333333333
1361,10215.0,244.0,322652.0,43020.26666666667
1362,10222.5,234.0,322886.0,43051.46666666667
1363,10230.0,240.0,323126.0,43083.46666666667
1364,10237.5,242.0,323368.0,43115.73333333333
1365,10245.0,237.0,323605.0,43147.333333333336
1366,10252.5,253.0,323858.0,43181.066666666666
1367,10260.0,233.0,324091.0,43212.13333333333
1368,10267.5,237.0,324328.0,43243.73333333333
1369,10275.0,232.0,324560.0,43274.666666666664
1370,10282.5,208.0,324768.0,43302.4
1371,10290.0,270.0,325038.0,43338.4
1372,10297.5,237.0,325275.0,43370.0
1373,10305.0,262.0,325537.0,43404.933333333334
1374,10312.5,247.0,325784.0,43437.86666666667
1375,10320.0,242.0,326026.0,43470.13333333333
1376,10327.5,249.0,326275.0,43503.333333333336
1377,10335.0,204.0,326479.0,43530.53333333333
1378,10342.5,254.0,326733.0,43564.4
1379,10350.0,222.0,326955.0,43594.0
1380,10357.5,268.0,327223.0,43629.73333333333
1381,10365.0,218.0,327441.0,43658.8
1382,10372.5,222.0,327663.0,43688.4
1383,10380.0,232.0,327895.0,43719.333333333336
1384,10387.5,257.0,328152.0,43753.6
1385,10395.0,240.0,328392.0,43785.6
1386,10402.5,242.0,328634.0,43817.86666666667
1387,10410.0,231.0,328865.0,43848.666666666664
1388,10417.5,243.0,329108.0,43881.066666666666
1389,10425.0,228.0,329336.0,43911.46666666667
1390,10432.5,220.0,329556.0,43940.8
1391,10440.0,233.0,329789.0,43971.86666666667
1392,10447.5,243.0,330032.0,44004.26666666667
1393,10455.0,250.0,330282.0,44037.6
1394,10462.5,223.0,330505.0,44067.333333333336
1395,10470.0,244.0,330749.0,44099.86666666667
1396,10477.5,264.0,331013.0,44135.066666666666
1397,10485.0,213.0,331226.0,44163.46666666667
1398,10492.5,235.0,331461.0,44194.8
1399,10500.0,246.0,331707.0,44227.6
1400,10507.5,236.0,331943.0,44259.066666666666
1401,10515.0,231.0,332174.0,44289.86666666667
1402,10522.5,246.0,332420.0,44322.666666666664
1403,10530.0,210.0,332630.0,44350.666666666664
1404,10537.5,223.0,332853.0,44380.4
1405,10545.0,233.0,333086.0,44411.46666666667
1406,10552.5,225.0,333311.0,44441.46666666667
1407,10560.0,249.0,333560.0,44474.666666666664
1408,10567.5,266.0,333826.0,44510.13333333333
1409,10575.0,201.0,334027.0,44536.933333333334
1410,10582.5,242.0,334269.0,44569.2
1411,10590.0,216.0,334485.0,44598.0
1412,10597.5,246.0,334731.0,44630.8
1413,10605.0,249.0,334980.0,44664.0
1414,10612.5,260.0,335240.0,44698.666666666664
1415,10620.0,246.0,335486.0,44731.46666666667
1416,10627.5,264.0,335750.0,44766.666666666664
1417,10635.0,240.0,335990.0,44798.666666666664
1418,10642.5,244.0,336234.0,44831.2
1419,10650.0,221.0,336455.0,44860.666666666664
1420,10657.5,243.0,336698.0,44893.066666666666
1421,10665.0,215.0,336913.0,44921.73333333333
1422,10672.5,292.0,337205.0,44960.666666666664
1423,10680.0,265.0,337470.0,44996.0
1424,10687.5,229.0,337699.0,45026.53333333333
1425,10695.0,245.0,337944.0,45059.2
1426,10702.5,256.0,338200.0,45093.333333333336
1427,10710.0,212.0,338412.0,45121.6
1428,10717.5,204.0,338616.0,45148.8
1429,10725.0,256.0,338872.0,45182.933333333334
1430,10732.5,242.0,339114.0,45215.2
1431,10740.0,222.0,339336.0,45244.8
1432,10747.5,249.0,339585.0,45278.0
1433,10755.0,213.0,339798.0,45306.4
1434,10762.5,232.0,340030.0,45337.333333333336
1435,10770.0,223.0,340253.0,45367.066666666666
1436,10777.5,233.0,340486.0,45398.13333333333
1437,10785.0,243.0,340729.0,45430.53333333333
1438,10792.5,274.0,341003.0,45467.066666666666
1439,10800.0,232.0,341235.0,45498.0
1440,10807.5,220.0,341455.0,45527.333333333336
1441,10815.0,239.0,341694.0,45559.2
1442,10822.5,216.0,341910.0,45588.0
1443,10830.0,250.0,342160.0,45621.333333333336
1444,10837.5,230.0,342390.0,45652.0
1445,10845.0,241.0,342631.0,45684.13333333333
1446,10852.5,229.0,342860.0,45714.666666666664
1447,10860.0,211.0,343071.0,45742.8
1448,10867.5,212.0,343283.0,45771.066666666666
1449,10875.0,212.0,343495.0,45799.333333333336
1450,10882.5,262.0,343757.0,45834.26666666667
1451,10890.0,246.0,344003.0,45867.066666666666
1452,10897.5,239.0,344242.0,45898.933333333334
1453,10905.0,222.0,344464.0,45928.53333333333
1454,10912.5,234.0,344698.0,45959.73333333333
1455,10920.0,210.0,344908.0,45987.73333333333
1456,10927.5,229.0,345137.0,46018.26666666667
1457,10935.0,263.0,345400.0,46053.333333333336
1458,10942.5,226.0,345626.0,46083.46666666667
1459,10950.0,251.0,345877.0,46116.933333333334
1460,10957.5,239.0,346116.0,46148.8
1461,10965.0,245.0,346361.0,46181.46666666667
1462,10972.5,234.0,346595.0,46212.666666666664
1463,10980.0,249.0,346844.0,46245.86666666667
1464,10987.5,255.0,347099.0,46279.86666666667
1465,10995.0,232.0,347331.0,46310.8
1466,11002.5,225.0,347556.0,46340.8
1467,11010.0,214.0,347770.0,46369.333333333336
1468,11017.5,244.0,348014.0,46401.86666666667
1469,11025.0,235.0,348249.0,46433.2
1470,11032.5,219.0,348468.0,46462.4
1471,11040.0,226.0,348694.0,46492.53333333333
1472,11047.5,232.0,348926.0,46523.46666666667
1473,11055.0,261.0,349187.0,46558.26666666667
1474,11062.5,245.0,349432.0,46590.933333333334
1475,11070.0,213.0,349645.0,46619.333333333336
1476,11077.5,230.0,349875.0,46650.0
1477,11085.0,262.0,350137.0,46684.933333333334
1478,11092.5,239.0,350376.0,46716.8
1479,11100.0,228.0,350604.0,46747.2
1480,11107.5,252.0,350856.0,46780.8
1481,11115.0,224.0,351080.0,46810.666666666664
1482,11122.5,242.0,351322.0,46842.933333333334
1483,11130.0,230.0,351552.0,46873.6
1484,11137.5,249.0,351801.0,46906.8
1485,11145.0,225.0,352026.0,46936.8
1486,11152.5,259.0,352285.0,46971.333333333336
1487,11160.0,255.0,352540.0,47005.333333333336
1488,11167.5,255.0,352795.0,47039.333333333336
1489,11175.0,248.0,353043.0,47072.4
1490,11182.5,230.0,353273.0,47103.066666666666
1491,11190.0,234.0,353507.0,47134.26666666667
1492,11197.5,226.0,353733.0,47164.4
1493,11205.0,240.0,353973.0,47196.4
1494,11212.5,220.0,354193.0,47225.73333333333
1495,11220.0,220.0,354413.0,47255.066666666666
1496,11227.5,249.0,354662.0,47288.26666666667
1497,11235.0,251.0,354913.0,47321.73333333333
1498,11242.5,211.0,355124.0,47349.86666666667
1499,11250.0,254.0,355378.0,47383.73333333333
1500,11257.5,246.0,355624.0,47416.53333333333
1501,11265.0,241.0,355865.0,47448.666666666664
1502,11272.5,245.0,356110.0,47481.333333333336
1503,11280.0,229.0,356339.0,47511.86666666667
1504,11287.5,230.0,356569.0,47542.53333333333
1505,11295.0,238.0,356807.0,47574.26666666667
1506,11302.5,238.0,357045.0,47606.0
1507,11310.0,227.0,357272.0,47636.26666666667
1508,11317.5,224.0,357496.0,47666.13333333333
1509,11325.0,217.0,357713.0,47695.066666666666
1510,11332.5,244.0,357957.0,47727.6
1511,11340.0,218.0,358175.0,47756.666666666664
1512,11347.5,267.0,358442.0,47792.26666666667
1513,11355.0,258.0,358700.0,47826.666666666664
1514,11362.5,261.0,358961.0,47861.46666666667
1515,11370.0,237.0,359198.0,47893.066666666666
1516,11377.5,215.0,359413.0,47921.73333333333
1517,11385.0,236.0,359649.0,47953.2
1518,11392.5,216.0,359865.0,47982.0
1519,11400.0,253.0,360118.0,48015.73333333333
1520,11407.5,249.0,360367.0,48048.933333333334
1521,11415.0,240.0,360607.0,48080.933333333334
1522,11422.5,241.0,360848.0,48113.066666666666
1523,11430.0,233.0,361081.0,48144.13333333333
1524,11437.5,241.0,361322.0,48176.26666666667
1525,11445.0,238.0,361560.0,48208.0
1526,11452.5,262.0,361822.0,48242.933333333334
1527,11460.0,267.0,362089.0,48278.53333333333
1528,11467.5,251.0,362340.0,48312.0
1529,11475.0,253.0,362593.0,48345.73333333333
1530,11482.5,217.0,362810.0,48374.666666666664
1531,11490.0,256.0,363066.0,48408.8
1532,11497.5,234.0,363300.0,48440.0
1533,11505.0,245.0,363545.0,48472.666666666664
1534,11512.5,259.0,363804.0,48507.2
1535,11520.0,217.0,364021.0,48536.13333333333
1536,11527.5,247.0,364268.0,48569.066666666666
1537,11535.0,263.0,364531.0,48604.13333333333
1538,11542.5,235.0,364766.0,48635.46666666667
1539,11550.0,245.0,365011.0,48668.13333333333
1540,11557.5,219.0,365230.0,48697.333333333336
1541,11565.0,262.0,365492.0,48732.26666666667
1542,11572.5,234.0,365726.0,48763.46666666667
1543,11580.0,250.0,365976.0,48796.8
1544,11587.5,220.0,366196.0,48826.13333333333
1545,11595.0,250.0,366446.0,48859.46666666667
1546,11602.5,236.0,366682.0,48890.933333333334
1547,11610.0,249.0,366931.0,48924.13333333333
1548,11617.5,258.0,367189.0,48958.53333333333
1549,11625.0,242.0,367431.0,48990.8
1550,11632.5,233.0,367664.0,49021.86666666667
1551,11640.0,242.0,367906.0,49054.13333333333
1552,11647.5,261.0,368167.0,49088.933333333334
1553,11655.0,259.0,368426.0,49123.46666666667
1554,11662.5,253.0,368679.0,49157.2
1555,11670.0,231.0,368910.0,49188.0
1556,11677.5,224.0,369134.0,49217.86666666667
1557,11685.0,225.0,369359.0,49247.86666666667
1558,11692.5,234.0,369593.0,49279.066666666666
1559,11700.0,238.0,369831.0,49310.8
1560,11707.5,227.0,370058.0,49341.066666666666
1561,11715.0,229.0,370287.0,49371.6
1562,11722.5,219.0,370506.0,49400.8
1563,11730.0,225.0,370731.0,49430.8
1564,11737.5,246.0,370977.0,49463.6
1565,11745.0,216.0,371193.0,49492.4
1566,11752.5,259.0,371452.0,49526.933333333334
1567,11760.0,215.0,371667.0,49555.6
1568,11767.5,244.0,371911.0,49588.13333333333
1569,11775.0,202.0,372113.0,49615.066666666666
1570,11782.5,225.0,372338.0,49645.066666666666
1571,11790.0,210.0,372548.0,49673.066666666666
1572,11797.5,258.0,372806.0,49707.46666666667
1573,11805.0,246.0,373052.0,49740.26666666667
1574,11812.5,239.0,373291.0,49772.13333333333
1575,11820.0,263.0,373554.0,49807.2
1576,11827.5,237.0,373791.0,49838.8
1577,11835.0,217.0,374008.0,49867.73333333333
1578,11842.5,251.0,374259.0,49901.2
1579,11850.0,236.0,374495.0,49932.666666666664
1580,11857.5,235.0,374730.0,49964.0
1581,11865.0,267.0,374997.0,49999.6
1582,11872.5,217.0,375214.0,50028.53333333333
1583,11880.0,219.0,375433.0,50057.73333333333
1584,11887.5,230.0,375663.0,50088.4
1585,11895.0,225.0,375888.0,50118.4
1586,11902.5,232.0,376120.0,50149.333333333336
1587,11910.0,244.0,376364.0,50181.86666666667
1588,11917.5,236.0,376600.0,50213.333333333336
1589,11925.0,246.0,376846.0,50246.13333333333
1590,11932.5,252.0,377098.0,50279.73333333333
1591,11940.0,253.0,377351.0,50313.46666666667
1592,11947.5,243.0,377594.0,50345.86666666667
1593,11955.0,208.0,377802.0,50373.6
1594,11962.5,262.0,378064.0,50408.53333333333
1595,11970.0,233.0,378297.0,50439.6
1596,11977.5,225.0,378522.0,50469.6
1597,11985.0,229.0,378751.0,50500.13333333333
1598,11992.5,237.0,378988.0,50531.73333333333
1599,12000.0,235.0,379223.0,50563.066666666666
1600,12007.5,221.0,379444.0,50592.53333333333
1601,12015.0,233.0,379677.0,50623.6
1602,12022.5,227.0,379904.0,50653.86666666667
1603,12030.0,232.0,380136.0,50684.8
1604,12037.5,233.0,380369.0,50715.86666666667
1605,12045.0,226.0,380595.0,50746.0
1606,12052.5,264.0,380859.0,50781.2
1607,12060.0,246.0,381105.0,50814.0
1608,12067.5,247.0,381352.0,50846.933333333334
1609,12075.0,249.0,381601.0,50880.13333333333
1610,12082.5,224.0,381825.0,50910.0
1611,12090.0,238.0,382063.0,50941.73333333333
1612,12097.5,240.0,382303.0,50973.73333333333
1613,12105.0,248.0,382551.0,51006.8
1614,12112.5,239.0,382790.0,51038.666666666664
1615,12120.0,227.0,383017.0,51068.933333333334
1616,12127.5,237.0,383254.0,51100.53333333333
1617,12135.0,246.0,383500.0,51133.333333333336
1618,12142.5,247.0,383747.0,51166.26666666667
1619,12150.0,235.0,383982.0,51197.6
1620,12157.5,254.0,384236.0,51231.46666666667
1621,12165.0,247.0,384483.0,51264.4
1622,12172.5,229.0,384712.0,51294.933333333334
1623,12180.0,209.0,384921.0,51322.8
1624,12187.5,250.0,385171.0,51356.13333333333
1625,12195.0,219.0,385390.0,51385.333333333336
1626,12202.5,205.0,385595.0,51412.666666666664
1627,12210.0,215.0,385810.0,51441.333333333336
1628,12217.5,251.0,386061.0,51474.8
1629,12225.0,262.0,386323.0,51509.73333333333
1630,12232.5,237.0,386560.0,51541.333333333336
1631,12240.0,239.0,386799.0,51573.2
1632,12247.5,247.0,387046.0,51606.13333333333
1633,12255.0,239.0,387285.0,51638.0
1634,12262.5,263.0,387548.0,51673.066666666666
1635,12270.0,224.0,387772.0,51702.933333333334
1636,12277.5,242.0,388014.0,51735.2
1637,12285.0,265.0,388279.0,51770.53333333333
1638,12292.5,219.0,388498.0,51799.73333333333
1639,12300.0,238.0,388736.0,51831.46666666667
1640,12307.5,206.0,388942.0,51858.933333333334
1641,12315.0,237.0,389179.0,51890.53333333333
1642,12322.5,227.0,389406.0,51920.8
1643,12330.0,223.0,389629.0,51950.53333333333
1644,12337.5,225.0,389854.0,51980.53333333333
1645,12345.0,220.0,390074.0,52009.86666666667
1646,12352.5,239.0,390313.0,52041.73333333333
1647,12360.0,246.0,390559.0,52074.53333333333
1648,12367.5,238.0,390797.0,52106.26666666667
1649,12375.0,236.0,391033.0,52137.73333333333
1650,12382.5,246.0,391279.0,52170.53333333333
1651,12390.0,228.0,391507.0,52200.933333333334
1652,12397.5,230.0,391737.0,52231.6
1653,12405.0,238.0,391975.0,52263.333333333336
1654,12412.5,239.0,392214.0,52295.2
1655,12420.0,250.0,392464.0,52328.53333333333
1656,12427.5,259.0,392723.0,52363.066666666666
1657,12435.0,240.0,392963.0,52395.066666666666
1658,12442.5,219.0,393182.0,52424.26666666667
1659,12450.0,229.0,393411.0,52454.8
1660,12457.5,231.0,393642.0,52485.6
1661,12465.0,221.0,393863.0,52515.066666666666
1662,12472.5,245.0,394108.0,52547.73333333333
1663,12480.0,262.0,394370.0,52582.666666666664
1664,12487.5,246.0,394616.0,52615.46666666667
1665,12495.0,246.0,394862.0,52648.26666666667
1666,12502.5,255.0,395117.0,52682.26666666667
1667,12510.0,248.0,395365.0,52715.333333333336
1668,12517.5,234.0,395599.0,52746.53333333333
1669,12525.0,215.0,395814.0,52775.2
1670,12532.5,235.0,396049.0,52806.53333333333
1671,12540.0,234.0,396283.0,52837.73333333333
1672,12547.5,225.0,396508.0,52867.73333333333
1673,12555.0,259.0,396767.0,52902.26666666667
1674,12562.5,225.0,396992.0,52932.26666666667
1675,12570.0,228.0,397220.0,52962.666666666664
1676,12577.5,247.0,397467.0,52995.6
1677,12585.0,237.0,397704.0,53027.2
1678,12592.5,252.0,397956.0,53060.8
1679,12600.0,257.0,398213.0,53095.066666666666
1680,12607.5,206.0,398419.0,53122.53333333333
1681,12615.0,252.0,398671.0,53156.13333333333
1682,12622.5,242.0,398913.0,53188.4
1683,12630.0,230.0,399143.0,53219.066666666666
1684,12637.5,229.0,399372.0,53249.6
1685,12645.0,239.0,399611.0,53281.46666666667
1686,12652.5,256.0,399867.0,53315.6
1687,12660.0,251.0,400118.0,53349.066666666666
1688,12667.5,231.0,400349.0,53379.86666666667
1689,12675.0,249.0,400598.0,53413.066666666666
1690,12682.5,225.0,400823.0,53443.066666666666
1691,12690.0,217.0,401040.0,53472.0
1692,12697.5,255.0,401295.0,53506.0
1693,12705.0,211.0,401506.0,53534.13333333333
1694,12712.5,219.0,401725.0,53563.333333333336
1695,12720.0,229.0,401954.0,53593.86666666667
1696,12727.5,245.0,402199.0,53626.53333333333
1697,12735.0,239.0,402438.0,53658.4
1698,12742.5,236.0,402674.0,53689.86666666667
1699,12750.0,249.0,402923.0,53723.066666666666
1700,12757.5,229.0,403152.0,53753.6
1701,12765.0,212.0,403364.0,53781.86666666667
1702,12772.5,226.0,403590.0,53812.0
1703,12780.0,247.0,403837.0,53844.933333333334
1704,12787.5,212.0,404049.0,53873.2
1705,12795.0,230.0,404279.0,53903.86666666667
1706,12802.5,230.0,404509.0,53934.53333333333
1707,12810.0,219.0,404728.0,53963.73333333333
1708,12817.5,260.0,404988.0,53998.4
1709,12825.0,208.0,405196.0,54026.13333333333
1710,12832.5,244.0,405440.0,54058.666666666664
1711,12840.0,253.0,405693.0,54092.4
1712,12847.5,220.0,405913.0,54121.73333333333
1713,12855.0,286.0,406199.0,54159.86666666667
1714,12862.5,220.0,406419.0,54189.2
1715,12870.0,235.0,406654.0,54220.53333333333
1716,12877.5,246.0,406900.0,54253.333333333336
1717,12885.0,265.0,407165.0,54288.666666666664
1718,12892.5,228.0,407393.0,54319.066666666666
1719,12900.0,221.0,407614.0,54348.53333333333
1720,12907.5,256.0,407870.0,54382.666666666664
1721,12915.0,236.0,408106.0,54414.13333333333
1722,12922.5,230.0,408336.0,54444.8
1723,12930.0,246.0,408582.0,54477.6
1724,12937.5,271.0,408853.0,54513.73333333333
1725,12945.0,268.0,409121.0,54549.46666666667
1726,12952.5,248.0,409369.0,54582.53333333333
1727,12960.0,265.0,409634.0,54617.86666666667
1728,12967.5,226.0,409860.0,54648.0
1729,12975.0,237.0,410097.0,54679.6
1730,12982.5,238.0,410335.0,54711.333333333336
1731,12990.0,212.0,410547.0,54739.6
1732,12997.5,209.0,410756.0,54767.46666666667
1733,13005.0,223.0,410979.0,54797.2
1734,13012.5,219.0,411198.0,54826.4
1735,13020.0,253.0,411451.0,54860.13333333333
1736,13027.5,245.0,411696.0,54892.8
1737,13035.0,234.0,411930.0,54924.0
1738,13042.5,214.0,412144.0,54952.53333333333
1739,13050.0,227.0,412371.0,54982.8
1740,13057.5,247.0,412618.0,55015.73333333333
1741,13065.0,210.0,412828.0,55043.73333333333
1742,13072.5,259.0,413087.0,55078.26666666667
1743,13080.0,251.0,413338.0,55111.73333333333
1744,13087.5,224.0,413562.0,55141.6
1745,13095.0,225.0,413787.0,55171.6
1746,13102.5,240.0,414027.0,55203.6
1747,13110.0,244.0,414271.0,55236.13333333333
1748,13117.5,236.0,414507.0,55267.6
1749,13125.0,222.0,414729.0,55297.2
1750,13132.5,257.0,414986.0,55331.46666666667
1751,13140.0,234.0,415220.0,55362.666666666664
1752,13147.5,226.0,415446.0,55392.8
1753,13155.0,243.0,415689.0,55425.2
1754,13162.5,254.0,415943.0,55459.066666666666
1755,13170.0,209.0,416152.0,55486.933333333334
1756,13177.5,216.0,416368.0,55515.73333333333
1757,13185.0,237.0,416605.0,55547.333333333336
1758,13192.5,246.0,416851.0,55580.13333333333
1759,13200.0,249.0,417100.0,55613.333333333336
1760,13207.5,231.0,417331.0,55644.13333333333
1761,13215.0,235.0,417566.0,55675.46666666667
1762,13222.5,259.0,417825.0,55710.0
1763,13230.0,240.0,418065.0,55742.0
1764,13237.5,224.0,418289.0,55771.86666666667
1765,13245.0,219.0,418508.0,55801.066666666666
1766,13252.5,236.0,418744.0,55832.53333333333
1767,13260.0,228.0,418972.0,55862.933333333334
1768,13267.5,233.0,419205.0,55894.0
1769,13275.0,239.0,419444.0,55925.86666666667
1770,13282.5,228.0,419672.0,55956.26666666667
1771,13290.0,229.0,419901.0,55986.8
1772,13297.5,224.0,420125.0,56016.666666666664
1773,13305.0,232.0,420357.0,56047.6
1774,13312.5,245.0,420602.0,56080.26666666667
1775,13320.0,207.0,420809.0,56107.86666666667
1776,13327.5,228.0,421037.0,56138.26666666667
1777,13335.0,227.0,421264.0,56168.53333333333
1778,13342.5,231.0,421495.0,56199.333333333336
1779,13350.0,258.0,421753.0,56233.73333333333
1780,13357.5,235.0,421988.0,56265.066666666666
1781,13365.0,252.0,422240.0,56298.666666666664
1782,13372.5,235.0,422475.0,56330.0
1783,13380.0,248.0,422723.0,56363.066666666666
1784,13387.5,210.0,422933.0,56391.066666666666
1785,13395.0,224.0,423157.0,56420.933333333334
1786,13402.5,261.0,423418.0,56455.73333333333
1787,13410.0,234.0,423652.0,56486.933333333334
1788,13417.5,235.0,423887.0,56518.26666666667
1789,13425.0,241.0,424128.0,56550.4
1790,13432.5,228.0,424356.0,56580.8
1791,13440.0,213.0,424569.0,56609.2
1792,13447.5,237.0,424806.0,56640.8
1793,13455.0,251.0,425057.0,56674.26666666667
1794,13462.5,216.0,425273.0,56703.066666666666
1795,13470.0,235.0,425508.0,56734.4
1796,13477.5,238.0,425746.0,56766.13333333333
1797,13485.0,234.0,425980.0,56797.333333333336
1798,13492.5,202.0,426182.0,56824.26666666667
1799,13500.0,249.0,426431.0,56857.46666666667
1800,13507.5,233.0,426664.0,56888.53333333333
1801,13515.0,221.0,426885.0,56918.0
1802,13522.5,238.0,427123.0,56949.73333333333
1803,13530.0,217.0,427340.0,56978.666666666664
1804,13537.5,229.0,427569.0,57009.2
1805,13545.0,235.0,427804.0,57040.53333333333
1806,13552.5,256.0,428060.0,57074.666666666664
1807,13560.0,239.0,428299.0,57106.53333333333
1808,13567.5,228.0,428527.0,57136.933333333334
1809,13575.0,222.0,428749.0,57166.53333333333
1810,13582.5,246.0,428995.0,57199.333333333336
1811,13590.0,260.0,429255.0,57234.0
1812,13597.5,206.0,429461.0,57261.46666666667
1813,13605.0,240.0,429701.0,57293.46666666667
1814,13612.5,232.0,429933.0,57324.4
1815,13620.0,255.0,430188.0,57358.4
1816,13627.5,222.0,430410.0,57388.0
1817,13635.0,234.0,430644.0,57419.2
1818,13642.5,228.0,430872.0,57449.6
1819,13650.0,246.0,431118.0,57482.4
1820,13657.5,227.0,431345.0,57512.666666666664
1821,13665.0,267.0,431612.0,57548.26666666667
1822,13672.5,226.0,431838.0,57578.4
1823,13680.0,232.0,432070.0,57609.333333333336
1824,13687.5,233.0,432303.0,57640.4
1825,13695.0,251.0,432554.0,57673.86666666667
1826,13702.5,247.0,432801.0,57706.8
1827,13710.0,243.0,433044.0,57739.2
1828,13717.5,248.0,433292.0,57772.26666666667
1829,13725.0,241.0,433533.0,57804.4
1830,13732.5,216.0,433749.0,57833.2
1831,13740.0,237.0,433986.0,57864.8
1832,13747.5,248.0,434234.0,57897.86666666667
1833,13755.0,234.0,434468.0,57929.066666666666
1834,13762.5,233.0,434701.0,57960.13333333333
1835,13770.0,215.0,434916.0,57988.8
1836,13777.5,211.0,435127.0,58016.933333333334
1837,13785.0,236.0,435363.0,58048.4
1838,13792.5,225.0,435588.0,58078.4
1839,13800.0,237.0,435825.0,58110.0
1840,13807.5,239.0,436064.0,58141.86666666667
1841,13815.0,250.0,436314.0,58175.2
1842,13822.5,243.0,436557.0,58207.6
1843,13830.0,217.0,436774.0,58236.53333333333
1844,13837.5,210.0,436984.0,58264.53333333333
1845,13845.0,235.0,437219.0,58295.86666666667
1846,13852.5,260.0,437479.0,58330.53333333333
1847,13860.0,248.0,437727.0,58363.6
1848,13867.5,224.0,437951.0,58393.46666666667
1849,13875.0,263.0,438214.0,58428.53333333333
1850,13882.5,247.0,438461.0,58461.46666666667
1851,13890.0,247.0,438708.0,58494.4
1852,13897.5,250.0,438958.0,58527.73333333333
1853,13905.0,224.0,439182.0,58557.6
1854,13912.5,220.0,439402.0,58586.933333333334
1855,13920.0,209.0,439611.0,58614.8
1856,13927.5,235.0,439846.0,58646.13333333333
1857,13935.0,224.0,440070.0,58676.0
1858,13942.5,246.0,440316.0,58708.8
1859,13950.0,227.0,440543.0,58739.066666666666
1860,13957.5,228.0,440771.0,58769.46666666667
1861,13965.0,260.0,441031.0,58804.13333333333
1862,13972.5,253.0,441284.0,58837.86666666667
1863,13980.0,236.0,441520.0,58869.333333333336
1864,13987.5,194.0,441714.0,58895.2
1865,13995.0,201.0,441915.0,58922.0
1866,14002.5,240.0,442155.0,58954.0
1867,14010.0,231.0,442386.0,58984.8
1868,14017.5,228.0,442614.0,59015.2
1869,14025.0,264.0,442878.0,59050.4
1870,14032.5,256.0,443134.0,59084.53333333333
1871,14040.0,260.0,443394.0,59119.2
1872,14047.5,211.0,443605.0,59147.333333333336
1873,14055.0,234.0,443839.0,59178.53333333333
1874,14062.5,235.0,444074.0,59209.86666666667
1875,14070.0,245.0,444319.0,59242.53333333333
1876,14077.5,231.0,444550.0,59273.333333333336
1877,14085.0,221.0,444771.0,59302.8
1878,14092.5,244.0,445015.0,59335.333333333336
1879,14100.0,251.0,445266.0,59368.8
1880,14107.5,256.0,445522.0,59402.933333333334
1881,14115.0,255.0,445777.0,59436.933333333334
1882,14122.5,248.0,446025.0,59470.0
1883,14130.0,220.0,446245.0,59499.333333333336
1884,14137.5,227.0,446472.0,59529.6
1885,14145.0,206.0,446678.0,59557.066666666666
1886,14152.5,255.0,446933.0,59591.066666666666
1887,14160.0,227.0,447160.0,59621.333333333336
1888,14167.5,233.0,447393.0,59652.4
1889,14175.0,268.0,447661.0,59688.13333333333
1890,14182.5,260.0,447921.0,59722.8
1891,14190.0,228.0,448149.0,59753.2
1892,14197.5,232.0,448381.0,59784.13333333333
1893,14205.0,258.0,448639.0,59818.53333333333
1894,14212.5,211.0,448850.0,59846.666666666664
1895,14220.0,228.0,449078.0,59877.066666666666
1896,14227.5,254.0,449332.0,59910.933333333334
1897,14235.0,237.0,449569.0,59942.53333333333
1898,14242.5,227.0,449796.0,59972.8
1899,14250.0,254.0,450050.0,60006.666666666664
1900,14257.5,201.0,450251.0,60033.46666666667
1901,14265.0,221.0,450472.0,60062.933333333334
1902,14272.5,249.0,450721.0,60096.13333333333
1903,14280.0,252.0,450973.0,60129.73333333333
1904,14287.5,252.0,451225.0,60163.333333333336
1905,14295.0,245.0,451470.0,60196.0
1906,14302.5,235.0,451705.0,60227.333333333336
1907,14310.0,245.0,451950.0,60260.0
1908,14317.5,221.0,452171.0,60289.46666666667
1909,14325.0,242.0,452413.0,60321.73333333333
1910,14332.5,241.0,452654.0,60353.86666666667
1911,14340.0,215.0,452869.0,60382.53333333333
1912,14347.5,224.0,453093.0,60412.4
1913,14355.0,241.0,453334.0,60444.53333333333
1914,14362.5,192.0,453526.0,60470.13333333333
1915,14370.0,228.0,453754.0,60500.53333333333
1916,14377.5,241.0,453995.0,60532.666666666664
1917,14385.0,252.0,454247.0,60566.26666666667
1918,14392.5,243.0,454490.0,60598.666666666664
1919,14400.0,213.0,454703.0,60627.066666666666
1920,14407.5,237.0,454940.0,60658.666666666664
1921,14415.0,238.0,455178.0,60690.4
1922,14422.5,232.0,455410.0,60721.333333333336
1923,14430.0,275.0,455685.0,60758.0
1924,14437.5,231.0,455916.0,60788.8
1925,14445.0,249.0,456165.0,60822.0
1926,14452.5,258.0,456423.0,60856.4
1927,14460.0,258.0,456681.0,60890.8
1928,14467.5,244.0,456925.0,60923.333333333336
1929,14475.0,223.0,457148.0,60953.066666666666
1930,14482.5,225.0,457373.0,60983.066666666666
1931,14490.0,269.0,457642.0,61018.933333333334
1932,14497.5,253.0,457895.0,61052.666666666664
1933,14505.0,262.0,458157.0,61087.6
1934,14512.5,251.0,458408.0,61121.066666666666
1935,14520.0,239.0,458647.0,61152.933333333334
1936,14527.5,225.0,458872.0,61182.933333333334
1937,14535.0,258.0,459130.0,61217.333333333336
1938,14542.5,246.0,459376.0,61250.13333333333
1939,14550.0,267.0,459643.0,61285.73333333333
1940,14557.5,242.0,459885.0,61318.0
1941,14565.0,229.0,460114.0,61348.53333333333
1942,14572.5,240.0,460354.0,61380.53333333333
1943,14580.0,234.0,460588.0,61411.73333333333
1944,14587.5,232.0,460820.0,61442.666666666664
1945,14595.0,230.0,461050.0,61473.333333333336
1946,14602.5,249.0,461299.0,61506.53333333333
1947,14610.0,242.0,461541.0,61538.8
1948,14617.5,224.0,461765.0,61568.666666666664
1949,14625.0,220.0,461985.0,61598.0
1950,14632.5,273.0,462258.0,61634.4
1951,14640.0,237.0,462495.0,61666.0
1952,14647.5,254.0,462749.0,61699.86666666667
1953,14655.0,228.0,462977.0,61730.26666666667
1954,14662.5,247.0,463224.0,61763.2
1955,14670.0,244.0,463468.0,61795.73333333333
1956,14677.5,213.0,463681.0,61824.13333333333
1957,14685.0,238.0,463919.0,61855.86666666667
1958,14692.5,230.0,464149.0,61886.53333333333
1959,14700.0,245.0,464394.0,61919.2
1960,14707.5,221.0,464615.0,61948.666666666664
1961,14715.0,250.0,464865.0,61982.0
1962,14722.5,230.0,465095.0,62012.666666666664
1963,14730.0,207.0,465302.0,62040.26666666667
1964,14737.5,256.0,465558.0,62074.4
1965,14745.0,247.0,465805.0,62107.333333333336
1966,14752.5,213.0,466018.0,62135.73333333333
1967,14760.0,245.0,466263.0,62168.4
1968,14767.5,254.0,466517.0,62202.26666666667
1969,14775.0,240.0,466757.0,62234.26666666667
1970,14782.5,228.0,466985.0,62264.666666666664
1971,14790.0,252.0,467237.0,62298.26666666667
1972,14797.5,228.0,467465.0,62328.666666666664
1973,14805.0,211.0,467676.0,62356.8
1974,14812.5,226.0,467902.0,62386.933333333334
1975,14820.0,245.0,468147.0,62419.6
1976,14827.5,260.0,468407.0,62454.26666666667
1977,14835.0,241.0,468648.0,62486.4
1978,14842.5,224.0,468872.0,62516.26666666667
1979,14850.0,230.0,469102.0,62546.933333333334
1980,14857.5,244.0,469346.0,62579.46666666667
1981,14865.0,226.0,469572.0,62609.6
1982,14872.5,269.0,469841.0,62645.46666666667
1983,14880.0,255.0,470096.0,62679.46666666667
1984,14887.5,228.0,470324.0,62709.86666666667
1985,14895.0,246.0,470570.0,62742.666666666664
1986,14902.5,253.0,470823.0,62776.4
1987,14910.0,241.0,471064.0,62808.53333333333
1988,14917.5,252.0,471316.0,62842.13333333333
1989,14925.0,259.0,471575.0,62876.666666666664
1990,14932.5,247.0,471822.0,62909.6
1991,14940.0,254.0,472076.0,62943.46666666667
1992,14947.5,261.0,472337.0,62978.26666666667
1993,14955.0,293.0,472630.0,63017.333333333336
1994,14962.5,216.0,472846.0,63046.13333333333
1995,14970.0,225.0,473071.0,63076.13333333333
1996,14977.5,225.0,473296.0,63106.13333333333
1997,14985.0,235.0,473531.0,63137.46666666667
1998,14992.5,240.0,473771.0,63169.46666666667
1999,15000.0,238.0,474009.0,63201.2
2000,15007.5,223.0,474232.0,63230.933333333334
2001,15015.0,240.0,474472.0,63262.933333333334
2002,15022.5,222.0,474694.0,63292.53333333333
2003,15030.0,233.0,474927.0,63323.6
2004,15037.5,247.0,475174.0,63356.53333333333
2005,15045.0,222.0,475396.0,63386.13333333333
2006,15052.5,241.0,475637.0,63418.26666666667
2007,15060.0,231.0,475868.0,63449.066666666666
2008,15067.5,240.0,476108.0,63481.066666666666
2009,15075.0,216.0,476324.0,63509.86666666667
2010,15082.5,228.0,476552.0,63540.26666666667
2011,15090.0,232.0,476784.0,63571.2
2012,15097.5,227.0,477011.0,63601.46666666667
2013,15105.0,227.0,477238.0,63631.73333333333
2014,15112.5,247.0,477485.0,63664.666666666664
2015,15120.0,257.0,477742.0,63698.933333333334
2016,15127.5,268.0,478010.0,63734.666666666664
2017,15135.0,224.0,478234.0,63764.53333333333
2018,15142.5,205.0,478439.0,63791.86666666667
2019,15150.0,215.0,478654.0,63820.53333333333
2020,15157.5,235.0,478889.0,63851.86666666667
2021,15165.0,224.0,479113.0,63881.73333333333
2022,15172.5,239.0,479352.0,63913.6
2023,15180.0,225.0,479577.0,63943.6
2024,15187.5,227.0,479804.0,63973.86666666667
2025,15195.0,239.0,480043.0,64005.73333333333
2026,15202.5,223.0,480266.0,64035.46666666667
2027,15210.0,221.0,480487.0,64064.933333333334
2028,15217.5,215.0,480702.0,64093.6
2029,15225.0,209.0,480911.0,64121.46666666667
2030,15232.5,228.0,481139.0,64151.86666666667
2031,15240.0,231.0,481370.0,64182.666666666664
2032,15247.5,240.0,481610.0,64214.666666666664
2033,15255.0,234.0,481844.0,64245.86666666667
2034,15262.5,259.0,482103.0,64280.4
2035,15270.0,262.0,482365.0,64315.333333333336
2036,15277.5,222.0,482587.0,64344.933333333334
2037,15285.0,237.0,482824.0,64376.53333333333
2038,15292.5,254.0,483078.0,64410.4
2039,15300.0,250.0,483328.0,64443.73333333333
2040,15307.5,230.0,483558.0,64474.4
2041,15315.0,225.0,483783.0,64504.4
2042,15322.5,230.0,484013.0,64535.066666666666
2043,15330.0,265.0,484278.0,64570.4
2044,15337.5,220.0,484498.0,64599.73333333333
2045,15345.0,252.0,484750.0,64633.333333333336
2046,15352.5,229.0,484979.0,64663.86666666667
2047,15360.0,214.0,485193.0,64692.4
